471820.002573332 -76823.2568870518 -406296.817376265
-76823.2568870518 101391.398932 -18412.1634062254
-406296.817376265 -18412.1634062254 574659.246875056
148721.988174646 -91074.3599124646 7816.98935685164
-91074.3599124646 230974.308776 -68528.2500151791
7816.98935685164 -68528.2500151791 56209.7849986202
295419.685706864 56245.3543621193 -338967.427757349
56245.3543621193 219146.69092 -325338.838113433
-338967.427757349 -325338.838113433 814194.372656136
256130.069467243 -326230.978381894 65004.4196956926
-326230.978381894 637903.306928 -243521.894747561
65004.4196956926 -243521.894747561 169189.38327152
93924.8838174503 -33316.2187319659 -59459.1268105485
-33316.2187319659 84373.992432 -49208.0071912813
-59459.1268105485 -49208.0071912813 169823.728728968
635630.281052691 128959.468460486 -702147.441674296
128959.468460486 129608.701852 -278652.341277661
-702147.441674296 -278652.341277661 1038265.74202026
398125.924648457 -19198.7050164863 -486501.881857832
-19198.7050164863 180743.105092 -92006.9277353755
-486501.881857832 -92006.9277353755 790873.883122672
284496.397693564 -175675.787688106 -53816.875694524
-175675.787688106 460562.52996 -200306.385519856
-53816.875694524 -200306.385519856 228787.358160178
101412.38890916 35383.6274289677 -31686.7855208641
35383.6274289677 169583.967704 -91645.2933996526
-31686.7855208641 -91645.2933996526 112122.664931664
74664.1308392269 -33925.6809061531 -27160.2003782316
-33925.6809061531 167475.724972 -81648.185856054
-27160.2003782316 -81648.185856054 118635.281607694
114511.376174936 -50345.3847357187 -80948.74210185
-50345.3847357187 191002.914968 -2431.19778941224
-80948.74210185 -2431.19778941224 151037.391665038
132285.786940197 -48048.3764898508 -23495.7228429833
-48048.3764898508 66016.675884 -29227.5118781629
-23495.7228429833 -29227.5118781629 60481.0335199637
103647.899282345 -38565.6072291163 -34821.881571324
-38565.6072291163 185824.197396 -126018.349127166
-34821.881571324 -126018.349127166 171178.246102637
1816282.59098493 -492089.001465376 -1276616.50752006
-492089.001465376 405690.433788 188954.851988167
-1276616.50752006 188954.851988167 1073591.45860616
127821.281545212 -7114.90630046425 -129387.949217002
-7114.90630046425 74343.073464 -80249.630824394
-129387.949217002 -80249.630824394 301461.595117969
473093.424485519 -313122.0627605 -263121.647462406
-313122.0627605 474295.042956 -22141.3166744907
-263121.647462406 -22141.3166744907 384356.36071412
1646613.1360881 -203734.368185033 -1209006.02713009
-203734.368185033 98791.807552 96333.7666248911
-1209006.02713009 96333.7666248911 1072593.24298361
265615.310886672 -240585.878476835 16950.8201924635
-240585.878476835 415598.895116 -104143.284885473
16950.8201924635 -104143.284885473 122711.516467932
453939.397442561 -52373.5370409305 -295378.950768542
-52373.5370409305 174612.251012 -105469.757557359
-295378.950768542 -105469.757557359 372752.777535128
168084.877291793 -266589.026860359 129251.601589372
-266589.026860359 1025006.982368 -808632.234941907
129251.601589372 -808632.234941907 760976.655353079
880265.263932253 -94968.1235732832 -653714.34062236
-94968.1235732832 116507.90668 -18358.5091176716
-653714.34062236 -18358.5091176716 606269.522224388
575778.353053165 -726135.705437454 102301.519799102
-726135.705437454 1160321.190864 -269959.272679952
102301.519799102 -269959.272679952 169821.773486584
131403.217743899 -50965.8570145619 -46933.3812979217
-50965.8570145619 258040.7282 -189853.858928947
-46933.3812979217 -189853.858928947 290086.569318119
168247.928097084 27348.221054136 -174521.185691489
27348.221054136 88055.964124 -93709.2423008715
-174521.185691489 -93709.2423008715 292268.092242725
642084.01923663 -180003.955967106 -287428.32019558
-180003.955967106 86176.852156 65116.4043480204
-287428.32019558 65116.4043480204 223638.775790452
99920.4884587415 -97449.8205147174 -1488.79502681052
-97449.8205147174 229741.982584 -122498.311559113
-1488.79502681052 -122498.311559113 172580.79265268
79139.185828654 1948.07984558405 -52056.058280312
1948.07984558405 338583.696932 -441519.260524646
-52056.058280312 -441519.260524646 708705.935747019
523030.280901938 -245570.054733129 -253275.944709353
-245570.054733129 621651.747392 77624.6334243191
-253275.944709353 77624.6334243191 468779.392479771
212970.084011782 -98114.4383543723 20925.1401416573
-98114.4383543723 127953.505812 -37820.7129510548
20925.1401416573 -37820.7129510548 103304.773424205
284470.895754385 -273720.231739133 -113147.553801664
-273720.231739133 643197.258996 -146180.253840242
-113147.553801664 -146180.253840242 306527.002091086
112282.986667446 -70486.3218012753 -48984.5754654323
-70486.3218012753 232079.122728 -46156.9728170884
-48984.5754654323 -46156.9728170884 115416.170171188
59850.5558407732 -15017.7465630932 -20068.6747608092
-15017.7465630932 49805.676272 -12514.5877007525
-20068.6747608092 -12514.5877007525 77238.4412115429
131357.653067717 -153381.310204939 49217.2189817356
-153381.310204939 734755.44442 -306012.895450876
49217.2189817356 -306012.895450876 196038.982962166
752610.297551029 -724532.297696822 -116185.297885637
-724532.297696822 1724044.662384 -835954.332961076
-116185.297885637 -835954.332961076 1060176.86684683
113556.073420633 -53012.1150504303 -4217.58124098117
-53012.1150504303 248533.558724 -30315.3896948687
-4217.58124098117 -30315.3896948687 95503.2884125401
300826.060553787 -159604.890803399 -158544.435011885
-159604.890803399 179807.469856 -34929.5327159813
-158544.435011885 -34929.5327159813 360932.693347221
151260.239525582 -46121.0435000274 -84864.0241153042
-46121.0435000274 319751.633112 -113506.951726871
-84864.0241153042 -113506.951726871 154017.619800284
124188.007486932 -40104.7850827052 -107761.703155642
-40104.7850827052 212554.275664 -88780.264986849
-107761.703155642 -88780.264986849 239422.121719219
1224100.99255997 -1045739.59115424 -62677.2903416087
-1045739.59115424 1036453.199356 19663.8495160101
-62677.2903416087 19663.8495160101 86790.0263404918
507682.180833147 -38273.4042290587 -356267.901668119
-38273.4042290587 147574.128188 -55029.5743433355
-356267.901668119 -55029.5743433355 363941.522132457
138171.19603612 -9486.84468616201 -131761.458471349
-9486.84468616201 61521.819724 -24518.6748010701
-131761.458471349 -24518.6748010701 227304.813990488
133115.406598935 -21300.9786012204 -45928.7129373607
-21300.9786012204 81222.535652 -60905.7952051941
-45928.7129373607 -60905.7952051941 150091.966899999
89187.6041380782 -1069.09025052897 -52422.4669531633
-1069.09025052897 122700.66254 -91884.3076208119
-52422.4669531633 -91884.3076208119 182274.901242444
73645.9916413138 -41871.1186945903 -20469.6255517856
-41871.1186945903 107688.851336 -44939.2131582527
-20469.6255517856 -44939.2131582527 95175.464590294
270351.797560553 -34487.822191235 -288454.046599304
-34487.822191235 370079.105944 -221584.789488214
-288454.046599304 -221584.789488214 559762.608247276
1193714.28382367 -1326860.59350289 111221.012323641
-1326860.59350289 1831252.872976 -388407.809477226
111221.012323641 -388407.809477226 257664.270305845
514403.5111125 -338058.045762684 -212468.719533844
-338058.045762684 436640.17426 24343.0516651667
-212468.719533844 24343.0516651667 220080.606467003
101694.527842869 7106.32703021765 -112718.673016206
7106.32703021765 65153.036612 -73662.1274531415
-112718.673016206 -73662.1274531415 358965.526985826
609122.209491878 -341778.059542508 -18387.0794260281
-341778.059542508 521595.688308 -226153.059700534
-18387.0794260281 -226153.059700534 437021.983718516
164556.040327109 -7715.8428658034 -47912.4371984571
-7715.8428658034 196118.651916 -2318.28324392999
-47912.4371984571 -2318.28324392999 193346.762941749
83740.891885068 -79529.1285148199 9240.16889433686
-79529.1285148199 239560.099116 -82190.5551872014
9240.16889433686 -82190.5551872014 68575.3882442337
207127.305038894 -44425.2080854989 -138323.890632297
-44425.2080854989 252858.937976 -196775.894096554
-138323.890632297 -196775.894096554 418187.175701729
195025.028952425 -65281.2526989257 -113976.563205556
-65281.2526989257 115033.579544 -41533.9209084174
-113976.563205556 -41533.9209084174 209586.207179061
99315.7929478984 -84340.7772647965 -4014.38291259946
-84340.7772647965 741480.807328 -483578.038749087
-4014.38291259946 -483578.038749087 395374.102405813
684002.825824024 -60257.9403693163 -525220.140286121
-60257.9403693163 107320.889116 -43624.0218615192
-525220.140286121 -43624.0218615192 598943.38649492
335317.137932373 -190667.929367178 -192979.343074992
-190667.929367178 207873.12316 25761.226368252
-192979.343074992 25761.226368252 391806.743713159
247960.835077541 -154999.486434541 -1591.41034412869
-154999.486434541 381428.113608 -226191.249108291
-1591.41034412869 -226191.249108291 234000.545337983
305251.581328747 -87694.0289449163 -110618.045360531
-87694.0289449163 143503.9675 -40704.2558576236
-110618.045360531 -40704.2558576236 119655.296914523
1165100.74990403 -643724.947053014 -48354.9333607277
-643724.947053014 465419.090908 -70392.8295240664
-48354.9333607277 -70392.8295240664 150922.566679276
230368.990456067 -21670.7837466819 -149637.514530446
-21670.7837466819 433134.010236 -348627.294885001
-149637.514530446 -348627.294885001 439622.971590179
2997474.25420668 -3961871.64086502 2073025.40332915
-3961871.64086502 5633527.122248 -3038605.72505892
2073025.40332915 -3038605.72505892 1784547.89131999
495785.024489583 -328526.721902846 -45487.6407170866
-328526.721902846 317242.689924 -27699.7662085093
-45487.6407170866 -27699.7662085093 71107.7371116748
145810.149177112 19024.8947573886 -130310.745718457
19024.8947573886 301885.365728 -319294.382130801
-130310.745718457 -319294.382130801 577274.603267369
72388.6534523115 -75507.203948 38972.1954959009
-75507.203948 693424.777016 -501654.118157574
38972.1954959009 -501654.118157574 423144.990834223
336221.308837352 -19922.4061094376 -370400.321358672
-19922.4061094376 291096.24098 -178031.53770537
-370400.321358672 -178031.53770537 771142.142964307
211724.966645631 16888.2283077158 -188515.002341531
16888.2283077158 123635.440268 -79345.9735395216
-188515.002341531 -79345.9735395216 334323.985040442
73607.6301168581 -53239.6712747526 7330.62459810139
-53239.6712747526 359682.475868 -159367.786746714
7330.62459810139 -159367.786746714 138123.531011464
271263.741661517 200217.58420552 -490039.134832064
200217.58420552 1815542.31866 -1771734.05067175
-490039.134832064 -1771734.05067175 2193342.38770221
590398.790813465 -543098.120965851 -8626.00125138336
-543098.120965851 798855.660252 -78631.6280249723
-8626.00125138336 -78631.6280249723 56577.8706878143
59478.2450237189 -14362.7351363858 -31633.4688698315
-14362.7351363858 245467.506364 -50111.690762857
-31633.4688698315 -50111.690762857 75961.6591714399
268559.555344001 -117877.160354162 -113188.504736289
-117877.160354162 187175.340172 -77453.458444242
-113188.504736289 -77453.458444242 271178.331599899
232012.96292784 -389395.683827386 196678.202342811
-389395.683827386 939755.520132 -518894.62804488
196678.202342811 -518894.62804488 450402.873089835
1011584.15118851 -208807.500041175 -501404.241975103
-208807.500041175 248598.379928 -77957.9292779543
-501404.241975103 -77957.9292779543 481243.219775149
1109036.91643305 -261993.761612996 -807858.079736699
-261993.761612996 200873.843828 94634.3550839087
-807858.079736699 94634.3550839087 773973.116933041
160981.68952124 -66041.0469050626 -79355.6047908696
-66041.0469050626 310309.098572 -270129.441356407
-79355.6047908696 -270129.441356407 475332.54334447
369528.257235515 -71471.5059009027 -220541.358998182
-71471.5059009027 140250.67428 -100701.386541934
-220541.358998182 -100701.386541934 412048.410132803
277737.431354464 46058.3048955376 -239934.7152446
46058.3048955376 125362.707852 -88257.6139274667
-239934.7152446 -88257.6139274667 314856.758132698
319796.407386955 -131451.485687443 -68405.4588764197
-131451.485687443 120612.185316 -11695.3271501479
-68405.4588764197 -11695.3271501479 90965.9417128265
451047.981243427 -86199.2903643248 -363553.45027429
-86199.2903643248 136832.25856 -39158.3297918919
-363553.45027429 -39158.3297918919 507552.403702346
76185.2320232397 28105.5706984362 -68498.7960142733
28105.5706984362 162652.133908 -87963.7292629344
-68498.7960142733 -87963.7292629344 150068.602946975
225595.443169242 -108875.023503254 25181.3370606718
-108875.023503254 130148.557324 -46122.2614807179
25181.3370606718 -46122.2614807179 80235.9573856078
454970.361480713 -50745.9349915813 -361854.593539742
-50745.9349915813 118037.421192 -12868.6461617717
-361854.593539742 -12868.6461617717 407630.398405804
290597.451839575 -56880.7215496563 -143635.10844255
-56880.7215496563 219039.542364 -158327.007665558
-143635.10844255 -158327.007665558 296485.322360672
301803.231553448 -401.241122982881 -211477.358592396
-401.241122982881 123174.870164 -85779.0904262743
-211477.358592396 -85779.0904262743 323421.398131508
102865.267455204 -8304.00142832405 -56107.6233081009
-8304.00142832405 378782.220132 -172343.103071302
-56107.6233081009 -172343.103071302 160540.761351941
953501.329442201 -341256.366705208 -456814.485191681
-341256.366705208 246955.212488 54992.7529056198
-456814.485191681 54992.7529056198 366360.09667298
197018.055048739 -126755.72538839 -67137.0528714328
-126755.72538839 151270.269748 40827.3374743603
-67137.0528714328 40827.3374743603 79382.1253251308
321701.813307024 -220045.21902567 -79889.2679216933
-220045.21902567 216490.826136 49038.8251596853
-79889.2679216933 49038.8251596853 99241.9385021443
86745.8001867902 -143830.05863904 93131.9136537363
-143830.05863904 519038.090728 -241378.896105869
93131.9136537363 -241378.896105869 276727.476186058
506439.987282971 -71233.3662227845 -334259.838761134
-71233.3662227845 101701.2667 4768.43331694402
-334259.838761134 4768.43331694402 298600.10701291
195670.293007477 -128570.889868997 -75495.4899559979
-128570.889868997 359470.622148 -110320.402246095
-75495.4899559979 -110320.402246095 246974.764301253
346142.034911195 -12790.1124037474 -359347.861666206
-12790.1124037474 163355.524544 -73806.7070419104
-359347.861666206 -73806.7070419104 540877.936595997
71293.5106509768 -49724.9197770738 -19981.8094732687
-49724.9197770738 203088.45234 -112518.528648758
-19981.8094732687 -112518.528648758 187459.636958077
287163.968963379 -249096.243470668 -168356.200307905
-249096.243470668 312290.33868 91249.5823498891
-168356.200307905 91249.5823498891 192343.239799457
598385.506981183 -840270.174126129 76073.7805638143
-840270.174126129 2201574.601596 -1036615.20904428
76073.7805638143 -1036615.20904428 1070592.48056291
191602.990895959 -57707.93606772 -154500.140080306
-57707.93606772 197271.42726 -101548.897750148
-154500.140080306 -101548.897750148 339539.275323269
148980.765840724 -11949.7163341738 -96535.437367732
-11949.7163341738 131694.369968 -138588.691570565
-96535.437367732 -138588.691570565 293610.280792148
75982.4194367 -19023.2572838078 -43619.2426191843
-19023.2572838078 153194.363008 -62927.1055860949
-43619.2426191843 -62927.1055860949 111352.405464791
113695.335639579 -18710.7777718115 -129323.161253888
-18710.7777718115 228661.459416 -223909.810380831
-129323.161253888 -223909.810380831 571282.01929889
132582.68208026 -22325.0403579429 -94668.1281745967
-22325.0403579429 322402.220792 -221604.576350206
-94668.1281745967 -221604.576350206 304756.908821228
327532.451861634 114932.625219311 -420955.00376808
114932.625219311 469696.540236 -629413.443086411
-420955.00376808 -629413.443086411 1150411.90731152
298662.909809508 -154193.72338155 -88509.005032789
-154193.72338155 290466.900804 -56319.9817337043
-88509.005032789 -56319.9817337043 148902.128183294
204159.56532043 -126948.296505074 -8023.87701518354
-126948.296505074 273966.48748 -89842.254573484
-8023.87701518354 -89842.254573484 101506.311405723
124491.064402978 -19463.5171004389 -60655.2539012586
-19463.5171004389 116603.498732 -87726.49223017
-60655.2539012586 -87726.49223017 188195.915032385
286322.836128414 -169729.279088928 -111919.726345125
-169729.279088928 288787.290592 2446.16303719188
-111919.726345125 2446.16303719188 118044.916031528
47711.1051278127 -9974.5806429836 -12366.3998952762
-9974.5806429836 77277.405644 -8835.10935873618
-12366.3998952762 -8835.10935873618 257568.633972161
590741.036678742 -407138.091508787 -75033.0088113497
-407138.091508787 656307.541848 -330927.863420689
-75033.0088113497 -330927.863420689 534087.653810277
994002.2825315 -626876.75100711 -292595.648107766
-626876.75100711 527187.263612 107702.856542749
-292595.648107766 107702.856542749 206666.370249847
185192.866157929 -73705.7735526495 -82726.9993815897
-73705.7735526495 105663.747516 1174.97585663662
-82726.9993815897 1174.97585663662 109964.208595339
193677.707738375 -133005.232368328 -30108.0766811411
-133005.232368328 158163.010756 -1328.08449801215
-30108.0766811411 -1328.08449801215 72589.8021660907
2636491.63935267 -2217717.27655013 -888996.070345602
-2217717.27655013 3476812.26208 -549957.954560294
-888996.070345602 -549957.954560294 1421860.66988409
273685.413377474 -87585.3775997658 -56060.894849938
-87585.3775997658 112380.551468 -40557.4195366935
-56060.894849938 -40557.4195366935 125331.560915966
316815.183124981 -75412.8466699223 -28712.072390008
-75412.8466699223 103505.174824 -66063.583897933
-28712.072390008 -66063.583897933 120238.608923104
261814.425724507 39325.8090891349 -278327.305028926
39325.8090891349 283524.727064 -235337.52884899
-278327.305028926 -235337.52884899 498693.774023171
177557.27957792 -151258.750933506 -19794.3850946678
-151258.750933506 263726.801276 -40551.1956928126
-19794.3850946678 -40551.1956928126 75779.5096905672
256282.427268198 -122289.011454316 -67214.035140348
-122289.011454316 194352.009468 -70950.9812453102
-67214.035140348 -70950.9812453102 162191.220751561
218194.397689265 -133960.080865989 -158564.685610537
-133960.080865989 194655.282668 -15014.7263178437
-158564.685610537 -15014.7263178437 358519.348997507
142494.307934808 -71096.7100644135 -31524.4331517355
-71096.7100644135 111460.47134 -21623.2163826007
-31524.4331517355 -21623.2163826007 69353.0886590513
681979.440827092 -159196.448514113 -160439.217837892
-159196.448514113 147090.543732 -10950.8279123382
-160439.217837892 -10950.8279123382 163746.788852215
309906.422636087 -59005.6075537404 -103908.787964485
-59005.6075537404 158231.172192 -128733.472347531
-103908.787964485 -128733.472347531 285900.069887405
248353.88024055 72272.8197937542 -265332.742065893
72272.8197937542 149194.928416 -184492.999604019
-265332.742065893 -184492.999604019 484400.654624801
126992.94494055 -16617.6772766196 -17869.3398733147
-16617.6772766196 173822.45374 -94734.999824883
-17869.3398733147 -94734.999824883 174993.545039496
1025435.2114025 -1036516.07363066 -46235.080301202
-1036516.07363066 1646338.877676 -476636.667144526
-46235.080301202 -476636.667144526 507628.629749416
791041.319889953 36579.1409916231 -572705.772131418
36579.1409916231 330887.435456 -118097.488652932
-572705.772131418 -118097.488652932 534852.231571445
117334.576690643 5527.93815886314 -81141.3307000554
5527.93815886314 296826.918884 -204873.350103845
-81141.3307000554 -204873.350103845 237365.908844889
1911236.22944416 -2253246.55159614 -66293.0684444376
-2253246.55159614 3268045.709528 -440309.66700705
-66293.0684444376 -440309.66700705 554055.729864619
172153.431761081 -133304.244003808 3717.60993422725
-133304.244003808 355031.666788 -251452.427749421
3717.60993422725 -251452.427749421 361968.839691492
397565.545971707 -11935.786991173 -242764.136263581
-11935.786991173 253073.945048 -203115.93334896
-242764.136263581 -203115.93334896 367825.942617736
394949.081910696 -44866.1966702165 -296656.796717291
-44866.1966702165 198493.735876 -140323.728025181
-296656.796717291 -140323.728025181 529520.04684047
598669.215693066 -269092.364863874 -232141.43428277
-269092.364863874 375645.337224 11590.5585568346
-232141.43428277 11590.5585568346 165662.58275208
383673.458536414 326875.634169081 -846860.283994903
326875.634169081 883033.458764 -1287305.82354939
-846860.283994903 -1287305.82354939 2463897.59405241
423611.946444358 -294858.074893449 -5644.40279112157
-294858.074893449 509143.534692 -92432.0653245043
-5644.40279112157 -92432.0653245043 174513.574454597
65891.3776493623 17153.6791024829 -45810.1487629105
17153.6791024829 106743.091552 -78351.9635561613
-45810.1487629105 -78351.9635561613 135621.925346131
306496.291940809 -157386.647499355 -158412.854238764
-157386.647499355 177433.88442 31945.5392030872
-158412.854238764 31945.5392030872 167203.039242397
85454.6172489687 -46549.858244979 3654.5411345455
-46549.858244979 160231.55642 -123799.460500561
3654.5411345455 -123799.460500561 267743.054655428
233476.310664038 -97835.7375964044 -43736.4190367192
-97835.7375964044 168918.983184 -111148.36068613
-43736.4190367192 -111148.36068613 242911.032022695
111872.578766884 42709.178832843 -139694.460642284
42709.178832843 84913.483164 -71290.4522058054
-139694.460642284 -71290.4522058054 292111.496556105
145870.753339225 -81421.5299385273 -38221.5534011306
-81421.5299385273 235957.930856 -68502.6746850518
-38221.5534011306 -68502.6746850518 90828.6242013782
383422.025118889 -134606.00125671 -101280.368920724
-134606.00125671 192353.03842 -55754.2679225649
-101280.368920724 -55754.2679225649 164505.35074159
451102.800520384 -183559.969256134 -213468.650399762
-183559.969256134 213242.293804 25833.4511694277
-213468.650399762 25833.4511694277 188019.797757672
440167.824181569 -394985.345019602 -49197.8557511487
-394985.345019602 949455.963556 -265976.227278771
-49197.8557511487 -265976.227278771 390258.482130674
2412857.06350075 -1777805.28225209 -234823.114664716
-1777805.28225209 1492385.313876 59703.0282574299
-234823.114664716 59703.0282574299 132915.120447618
416770.439882641 -200129.864180566 -97452.6467140571
-200129.864180566 212309.657588 -41771.7065393547
-97452.6467140571 -41771.7065393547 121865.526370705
79512.332966589 -46180.8873262936 -25486.3536948404
-46180.8873262936 144432.976948 -52339.1658487699
-25486.3536948404 -52339.1658487699 89643.1375601557
423016.21517919 -274229.460240274 -54349.2129009806
-274229.460240274 573364.12454 -275673.978570575
-54349.2129009806 -275673.978570575 317905.251034164
899714.558713429 -685391.265786935 -102325.022174936
-685391.265786935 801488.62314 -94044.0617107917
-102325.022174936 -94044.0617107917 207260.370895251
755497.238074795 -848809.302231224 110502.408401205
-848809.302231224 1199434.588572 -277060.496521419
110502.408401205 -277060.496521419 185189.042229238
259707.643234143 -141252.086209753 -54027.3436856209
-141252.086209753 195191.43086 -23776.5130889144
-54027.3436856209 -23776.5130889144 86749.5355889921
472254.202438641 -330691.372579762 -222892.724773392
-330691.372579762 346523.273372 130263.914470142
-222892.724773392 130263.914470142 173969.801284194
441366.253463879 -69027.537011705 -346566.298415735
-69027.537011705 181370.36896 -182512.015032638
-346566.298415735 -182512.015032638 721721.253348756
274552.03489978 -75182.7877621877 -118215.78339472
-75182.7877621877 96515.038864 -9596.50517219561
-118215.78339472 -9596.50517219561 128616.353488028
196509.75901375 -152137.899822431 52945.8450433563
-152137.899822431 478279.27798 -339352.992032002
52945.8450433563 -339352.992032002 471180.632860639
395283.96983385 -410271.960839313 246142.10526388
-410271.960839313 685797.081652 -475209.509482126
246142.10526388 -475209.509482126 489573.759974242
78842.1444884328 -55417.8243679681 -29367.5183889509
-55417.8243679681 95500.90566 -6223.00194292653
-29367.5183889509 -6223.00194292653 55251.8641426924
159562.868961383 -112275.444844491 -25912.8468449321
-112275.444844491 320982.85868 -164462.751230265
-25912.8468449321 -164462.751230265 191305.489049912
282821.269143793 -104808.640501994 -22593.9004933277
-104808.640501994 232331.953084 -148053.247067188
-22593.9004933277 -148053.247067188 202490.779286543
586894.287976104 -202983.138793889 -220259.718485154
-202983.138793889 238387.180988 -63197.4778670771
-220259.718485154 -63197.4778670771 258539.601363056
158752.975038551 -71396.15457612 68179.7598130008
-71396.15457612 198287.455824 -153216.925845712
68179.7598130008 -153216.925845712 185080.408071188
111661.130112116 14549.5910218764 -115038.877497424
14549.5910218764 247990.450876 -214219.925741737
-115038.877497424 -214219.925741737 337802.363281261
293039.886715979 -157468.94955516 -142121.978758861
-157468.94955516 127851.49812 35007.1365185621
-142121.978758861 35007.1365185621 169315.688446233
194175.041090912 -122958.161067894 -17215.9170176439
-122958.161067894 153640.421384 -11587.3841131331
-17215.9170176439 -11587.3841131331 46895.5856933674
472501.3340424 -251053.6020398 -231594.769956278
-251053.6020398 185877.04152 106422.921538034
-231594.769956278 106422.921538034 180899.10974884
365139.830780705 -246050.837386426 -9254.87034231316
-246050.837386426 425763.714756 -115917.357521513
-9254.87034231316 -115917.357521513 98103.5170058911
205884.998946296 -62110.6584306544 -77511.9133366103
-62110.6584306544 110064.660576 -120481.78777308
-77511.9133366103 -120481.78777308 351241.520735805
566141.708391014 -61312.3386373845 -392693.747457774
-61312.3386373845 160776.887524 -41946.8160235238
-392693.747457774 -41946.8160235238 389514.807706892
513632.631377421 133472.177892176 -685164.853523242
133472.177892176 159055.875792 -302398.881478213
-685164.853523242 -302398.881478213 1136141.76655182
298967.994188067 -263936.994604066 -47778.411236536
-263936.994604066 866726.303304 -577229.694573136
-47778.411236536 -577229.694573136 665031.495970339
169867.266863722 -36778.0810337749 -152512.369631362
-36778.0810337749 89387.194016 -44132.5192450987
-152512.369631362 -44132.5192450987 348947.883991125
215859.387477573 48096.4407602833 -176462.281955599
48096.4407602833 185720.801088 -136946.364569711
-176462.281955599 -136946.364569711 283411.680242397
171413.252275214 3151.78531964004 -65890.7576223209
3151.78531964004 539174.221656 -565856.379446768
-65890.7576223209 -565856.379446768 760063.407783653
584257.885805813 -50745.201228141 -370270.771423459
-50745.201228141 84196.90158 -71894.5903477796
-370270.771423459 -71894.5903477796 432100.539088938
424038.566277794 -67719.2807611146 -480824.234678984
-67719.2807611146 118266.980488 9892.7934997518
-480824.234678984 9892.7934997518 693246.949931468
441988.086487662 -177308.437304034 -134005.29573786
-177308.437304034 229973.348576 -40138.1597102566
-134005.29573786 -40138.1597102566 125367.05744423
248960.761774895 -273062.933717247 -116751.200664428
-273062.933717247 513597.154004 71569.5765659075
-116751.200664428 71569.5765659075 167961.660883909
157236.580000401 -8147.63651661761 -98777.2001240307
-8147.63651661761 108521.349292 -39540.0348099221
-98777.2001240307 -39540.0348099221 186699.029325252
131671.722505697 -154292.959699564 53651.5762482809
-154292.959699564 350242.123328 -210880.096193568
53651.5762482809 -210880.096193568 228931.407891528
725435.465347173 -562574.792685679 -123211.965052919
-562574.792685679 685444.50254 -74955.3138171235
-123211.965052919 -74955.3138171235 210551.313192372
1366172.84959165 -1333009.17669312 223762.721419977
-1333009.17669312 1570054.99964 -337490.528471154
223762.721419977 -337490.528471154 188669.406813321
407670.866682644 -206519.78673975 -121760.336852094
-206519.78673975 306634.75744 -111277.82518935
-121760.336852094 -111277.82518935 233550.499726623
941172.604381289 -666600.022907828 -267776.137142396
-666600.022907828 703213.941548 107911.109883423
-267776.137142396 107911.109883423 141504.825554992
168265.141956002 -13071.2738938014 -177850.517333255
-13071.2738938014 77224.695676 -40929.7055195622
-177850.517333255 -40929.7055195622 291179.005350396
534615.945863563 -60630.8202685724 -520243.62593173
-60630.8202685724 865987.875484 -567985.497338938
-520243.62593173 -567985.497338938 1058212.07390426
141358.556374046 -34756.7755639381 -153941.998256462
-34756.7755639381 236258.168784 -180158.100161242
-153941.998256462 -180158.100161242 431477.505448098
342946.756527905 -150109.059150216 -170356.127068228
-150109.059150216 217550.454324 -86041.2992503626
-170356.127068228 -86041.2992503626 337859.33299675
483006.56025233 -142121.570210709 -84655.3952843988
-142121.570210709 154293.09772 -61475.4766855291
-84655.3952843988 -61475.4766855291 143247.756780857
365030.219202652 -265851.491579617 -106039.640229245
-265851.491579617 409147.491708 -99636.8852198885
-106039.640229245 -99636.8852198885 258190.80381969
210852.831647125 -240246.651357461 130921.660010632
-240246.651357461 465090.908488 -301705.843946964
130921.660010632 -301705.843946964 269207.277452807
190317.614308559 -21331.386158367 -160045.680448749
-21331.386158367 67524.255812 -38801.6121466806
-160045.680448749 -38801.6121466806 248589.078292141
67573.4360705659 -13621.5217069229 -42824.43182209
-13621.5217069229 65977.467796 -23683.886410876
-42824.43182209 -23683.886410876 139001.070837622
281158.849437934 63037.6156685949 -185567.700955221
63037.6156685949 141211.181404 -150569.80756937
-185567.700955221 -150569.80756937 271649.589023032
131036.136277409 -54360.5803812475 -39986.6992659962
-54360.5803812475 136069.349612 -72667.5384876524
-39986.6992659962 -72667.5384876524 131745.630425255
117927.545866366 -89573.4667331602 -39533.6472146789
-89573.4667331602 195437.807296 -9748.58080154163
-39533.6472146789 -9748.58080154163 64715.1208352253
437444.419131815 -138357.449630392 -248638.020620993
-138357.449630392 131197.773468 27546.0011176055
-248638.020620993 27546.0011176055 241695.510270139
75129.4912575156 16182.7178390863 -46401.966104312
16182.7178390863 153533.345208 -70896.8557648234
-46401.966104312 -70896.8557648234 78977.0854939253
352541.499404158 -161838.08460612 -67653.2768009507
-161838.08460612 211087.10476 -91940.7676815314
-67653.2768009507 -91940.7676815314 234874.079141776
67803.6098855256 5610.69085033693 -51123.0946177235
5610.69085033693 64007.789444 -50133.0167440677
-51123.0946177235 -50133.0167440677 108813.275874292
193542.908028713 42620.7623587377 -265024.768573985
42620.7623587377 179066.285104 -288567.079742559
-265024.768573985 -288567.079742559 742743.712290686
140751.282420722 -82420.0429993773 31738.3909754198
-82420.0429993773 281085.98772 -188109.173605066
31738.3909754198 -188109.173605066 214409.436046227
12920323.6736701 -14041884.4463439 815338.448380052
-14041884.4463439 15594032.592772 -1014497.08539532
815338.448380052 -1014497.08539532 220097.148177998
278024.196626384 -154738.494572058 -93281.2268909271
-154738.494572058 373079.270936 -265168.815777283
-93281.2268909271 -265168.815777283 608076.056526451
132342.024580139 -33494.3267376644 -105373.050591944
-33494.3267376644 441847.42886 -262635.754416649
-105373.050591944 -262635.754416649 355805.45774384
132902.685613775 -50357.5837410453 8871.2156240646
-50357.5837410453 85572.724536 -53715.9813551386
8871.2156240646 -53715.9813551386 103290.084371974
357005.758895512 -192767.791753634 -109468.504685387
-192767.791753634 453030.320948 -172543.32006822
-109468.504685387 -172543.32006822 241472.715289421
396763.0498405 -113449.354526878 -351314.429553936
-113449.354526878 143474.27372 75031.1256187577
-351314.429553936 75031.1256187577 388896.665154493
524722.92462742 -426381.512177285 -46728.2902178548
-426381.512177285 601355.97944 -63203.2906000595
-46728.2902178548 -63203.2906000595 96913.7501238851
153211.968875808 -44779.6876330758 -193035.161618488
-44779.6876330758 743958.079 -543285.841243565
-193035.161618488 -543285.841243565 925396.910169789
173756.907666249 -32344.3041878915 -59143.2754796852
-32344.3041878915 33201.509848 -10171.6330384465
-59143.2754796852 -10171.6330384465 88433.5455449515
148831.663544536 -25115.0473518847 -116512.074951715
-25115.0473518847 65840.384124 -18021.1878242503
-116512.074951715 -18021.1878242503 260609.078995382
414688.636844783 -221165.741012895 -33798.0369038501
-221165.741012895 201159.276564 -47092.1754436326
-33798.0369038501 -47092.1754436326 83705.1044470906
707015.104948041 -78729.9034740453 -290572.513238466
-78729.9034740453 382717.880556 -223374.626353275
-290572.513238466 -223374.626353275 329467.820279878
199388.799830865 -58942.7280375909 -131248.303319591
-58942.7280375909 304960.260948 -187656.126500913
-131248.303319591 -187656.126500913 310241.253686288
681425.005373731 -532642.743497526 -115999.134412399
-532642.743497526 562302.107972 -56772.2478126318
-115999.134412399 -56772.2478126318 247001.460345108
656141.568986829 27432.7583311113 -656391.568838425
27432.7583311113 122877.125428 -157697.168369167
-656391.568838425 -157697.168369167 857713.713846427
481186.492497021 -146991.988288306 -557916.513782282
-146991.988288306 250725.148084 -10312.784574822
-557916.513782282 -10312.784574822 920319.230306143
332146.597302549 -20954.5937788844 -283943.875351559
-20954.5937788844 169585.955684 -186099.351336211
-283943.875351559 -186099.351336211 587919.237229906
165785.949038026 -2451.41348863514 -162944.212858567
-2451.41348863514 84996.027072 -92149.9326195936
-162944.212858567 -92149.9326195936 373472.503687999
607482.816398751 -169047.527735347 -283450.616123346
-169047.527735347 172177.123788 -61998.0911406724
-283450.616123346 -61998.0911406724 337318.0923779
237093.8496392 48129.7501601874 -246595.292224095
48129.7501601874 506315.466592 -600778.709301292
-246595.292224095 -600778.709301292 937184.744552609
194120.748424429 8934.42981461261 -115816.802880107
8934.42981461261 197342.979976 -177892.042259506
-115816.802880107 -177892.042259506 266348.459748973
134809.784970813 -1261.91536102117 -87827.1522527766
-1261.91536102117 159147.814864 -163544.093188106
-87827.1522527766 -163544.093188106 372324.290635506
173382.158227619 -31383.5264949083 -103989.662571595
-31383.5264949083 623031.103888 -421661.362353973
-103989.662571595 -421661.362353973 456021.960822516
169021.600849388 -136554.354134064 -38035.4161431538
-136554.354134064 218337.357024 -41078.5041814872
-38035.4161431538 -41078.5041814872 122006.0399348
160610.874837074 -88535.3372771839 -54574.9530314478
-88535.3372771839 277815.573128 -107471.392977831
-54574.9530314478 -107471.392977831 132212.013950356
344432.975737673 10033.7659743547 -260742.11325044
10033.7659743547 73123.614636 -36367.6521898329
-260742.11325044 -36367.6521898329 268926.634581616
206123.272446938 -71627.3325772607 -140901.083968928
-71627.3325772607 140351.39726 -50821.3175103855
-140901.083968928 -50821.3175103855 254177.134417454
131437.743934681 -116211.061448291 -26017.1301051276
-116211.061448291 217170.61688 -39316.776059205
-26017.1301051276 -39316.776059205 117360.258479726
824443.63682161 -598050.949545923 -132927.520225323
-598050.949545923 571675.867612 -761.442631690209
-132927.520225323 -761.442631690209 151584.434772711
812838.733734989 -125796.409570309 -397740.46636623
-125796.409570309 123723.71248 -30888.7018841107
-397740.46636623 -30888.7018841107 375987.528786671
268336.526840906 -214455.637042042 -62262.0140461295
-214455.637042042 343361.555404 -38965.7051886615
-62262.0140461295 -38965.7051886615 190051.855285798
1244357.7599045 285062.861346291 -1428828.67955072
285062.861346291 246300.698748 -508309.741434959
-1428828.67955072 -508309.741434959 1920348.13826634
80965.9858357807 -47572.0720422308 -37198.9215806446
-47572.0720422308 136714.017632 -109093.867931713
-37198.9215806446 -109093.867931713 282053.154684846
125661.179597424 -33138.3850572074 -92298.9463961729
-33138.3850572074 133527.12856 -14592.4978828773
-92298.9463961729 -14592.4978828773 199464.598788287
191456.293667595 -161340.94045686 -75855.7492045162
-161340.94045686 201370.052156 16377.0657638136
-75855.7492045162 16377.0657638136 234234.189066832
1457384.94027223 -246928.559122515 -1021603.73857228
-246928.559122515 190594.496868 13995.4866473724
-1021603.73857228 13995.4866473724 932317.61767611
638792.045654441 -338458.593948195 -166976.119066328
-338458.593948195 426955.743964 -126580.934580697
-166976.119066328 -126580.934580697 315021.404160916
230856.290897025 -319625.540012023 43825.1425744865
-319625.540012023 581895.499848 -145708.004451685
43825.1425744865 -145708.004451685 90095.1559112977
110147.041835456 -44632.5219195295 -68114.3155823874
-44632.5219195295 219547.02868 -102818.771241528
-68114.3155823874 -102818.771241528 183523.704979154
1081731.99460135 -200460.88890038 -718127.4354861
-200460.88890038 218264.398256 -75565.1131161759
-718127.4354861 -75565.1131161759 849079.837653703
644802.317762207 -466276.6741548 15759.7941084451
-466276.6741548 507975.262304 -95665.4686298696
15759.7941084451 -95665.4686298696 135656.063425563
254345.744382292 -120957.228659569 -19971.8732415492
-120957.228659569 195154.727936 -45635.2783567791
-19971.8732415492 -45635.2783567791 112711.77213523
240456.765405021 -58671.5675914735 -173980.661701791
-58671.5675914735 115744.739568 -19387.6674333143
-173980.661701791 -19387.6674333143 287192.820156873
56806.0338553715 -46137.1646051887 12207.9075180777
-46137.1646051887 278686.669768 -154657.699333267
12207.9075180777 -154657.699333267 165303.225613591
805278.943226851 -729575.698291222 -22992.9709927428
-729575.698291222 1465585.935928 -434858.15286924
-22992.9709927428 -434858.15286924 444319.389938671
146062.363620039 -116367.869363843 -106569.941960953
-116367.869363843 315035.362052 74059.2453534231
-106569.941960953 74059.2453534231 133903.012243403
88986.1528022631 -67846.78053499 -37223.2454991381
-67846.78053499 234381.403692 -119797.061827124
-37223.2454991381 -119797.061827124 180271.552552917
849261.111619863 -1267354.68229857 314252.558349137
-1267354.68229857 2491227.117288 -955582.872520632
314252.558349137 -955582.872520632 559324.410001125
590492.957184448 -61172.9218847729 -412653.162313644
-61172.9218847729 150720.834204 -53184.1917335893
-412653.162313644 -53184.1917335893 460615.658753255
163556.73310798 -38273.5618034748 -86183.7136624464
-38273.5618034748 79519.5545 -44495.6790686285
-86183.7136624464 -44495.6790686285 172867.993166486
285471.842239393 -42934.7826698483 -200558.570121443
-42934.7826698483 101852.000984 -28399.4290936263
-200558.570121443 -28399.4290936263 313505.761692156
88927.4647382305 26095.5869099985 -94373.4621405325
26095.5869099985 205538.358304 -171829.182275541
-94373.4621405325 -171829.182275541 283415.516324161
174635.190195298 -12582.921916898 -176132.720640348
-12582.921916898 176543.5281 -135143.371571774
-176132.720640348 -135143.371571774 450336.077491372
417893.880049318 -214040.496898385 -14989.1258407158
-214040.496898385 281267.090896 -77461.6530446604
-14989.1258407158 -77461.6530446604 77876.3560652043
236065.259086811 -77906.8601038024 -70844.6497141014
-77906.8601038024 199080.556508 -49518.9756466217
-70844.6497141014 -49518.9756466217 85761.8601947072
811091.251822184 -528121.609243413 -124716.157808764
-528121.609243413 505129.150452 -4141.320541202
-124716.157808764 -4141.320541202 230852.555663785
183818.755964843 -67513.3421806393 7817.03873254928
-67513.3421806393 129392.394168 -60666.7981697176
7817.03873254928 -60666.7981697176 226984.145524065
433179.554637213 -158587.883141534 -125680.266204416
-158587.883141534 201818.589 26089.4395437757
-125680.266204416 26089.4395437757 147028.713929753
155910.971222607 -48332.4425276509 -166269.659382435
-48332.4425276509 266369.250416 -146668.987374454
-166269.659382435 -146668.987374454 467105.753893382
135210.525415289 -121761.185006457 -27874.68597456
-121761.185006457 232703.0555 2104.04760342518
-27874.68597456 2104.04760342518 82982.1517563226
401368.256768893 -86535.6874048836 -296546.286384582
-86535.6874048836 84137.1371 995.952863036029
-296546.286384582 995.952863036029 345634.632881632
523505.168339744 33170.0607927077 -330907.73837923
33170.0607927077 156317.497344 -49821.3182990646
