25347.849733 -4511.970819 -19227.488799
-4511.970819 144628.226266 -101448.537208
-19227.488799 -101448.537208 116993.545428
57743.577194 -17108.399774 -22786.381998
-17108.399774 14048.415349 1930.213787
-22786.381998 1930.213787 37184.54638
54786.67273 -81218.598847 14722.279974
-81218.598847 202166.633282 -85786.907994
14722.279974 -85786.907994 75242.993227
159475.826732 -61294.181975 -81247.831374
-61294.181975 42463.347514 16360.798216
-81247.831374 16360.798216 63867.429979
21093.498108 -12310.368356 -8316.688367
-12310.368356 42426.04911 -14883.826258
-8316.688367 -14883.826258 23511.126226
32402.175463 -69538.893194 32507.319268
-69538.893194 258217.583827 -175919.222185
32507.319268 -175919.222185 160258.480438
45185.776273 -23027.082236 -4677.100628
-23027.082236 196421.769255 -122142.755355
-4677.100628 -122142.755355 100830.994384
115140.63249 -50014.175834 -43990.051187
-50014.175834 57235.129524 -13473.957336
-43990.051187 -13473.957336 71085.895749
42395.991926 -22887.952473 8906.280617
-22887.952473 27988.949465 -7928.662696
8906.280617 -7928.662696 25394.937641
41868.931243 -20332.804576 -8670.47839
-20332.804576 29784.663487 -6687.132587
-8670.47839 -6687.132587 18541.575075
47750.728742 -631.064616 -12585.208331
-631.064616 37684.542932 -20253.949842
-12585.208331 -20253.949842 28702.724642
16504.168971 -7324.424284 -12001.409103
-7324.424284 15103.142048 -5847.680385
-12001.409103 -5847.680385 33088.597363
46456.049349 -31547.822988 -9499.361117
-31547.822988 42716.046491 -8781.256596
-9499.361117 -8781.256596 25990.954967
101422.608447 47091.432802 -123078.73635
47091.432802 267634.204258 -318931.11452
-123078.73635 -318931.11452 454834.653193
18585.768366 -20052.822196 -1884.719783
-20052.822196 75706.727943 -32116.105338
-1884.719783 -32116.105338 31614.99005
118573.760739 -6065.986248 -78241.786678
-6065.986248 95199.613604 -65624.965156
-78241.786678 -65624.965156 119166.117359
24697.951888 24054.305015 -50947.36222
24054.305015 267802.611257 -302169.257127
-50947.36222 -302169.257127 411999.057651
103899.723779 -25626.845779 -60322.4058
-25626.845779 30622.42699 3994.696499
-60322.4058 3994.696499 66460.773136
43653.062753 -26304.28322 -13220.058016
-26304.28322 93899.467181 -73939.478162
-13220.058016 -73939.478162 112775.169115
256251.745592 -202515.32974 -65556.979363
-202515.32974 190590.029685 31512.421869
-65556.979363 31512.421869 41677.602755
29126.97667 -4656.888041 -23728.962645
-4656.888041 150642.188833 -163232.307071
-23728.962645 -163232.307071 220992.502289
290080.297716 -67945.870857 -181363.942307
-67945.870857 42584.715253 25830.152446
-181363.942307 25830.152446 143815.708765
64510.18205 -47505.857364 -12582.84141
-47505.857364 72443.067427 -11865.666816
-12582.84141 -11865.666816 32929.771405
22013.991031 -23411.918592 6889.649798
-23411.918592 72871.046201 -43699.551466
6889.649798 -43699.551466 42258.152388
21544.213039 16359.253127 -44971.940166
16359.253127 56166.11161 -72043.064809
-44971.940166 -72043.064809 160264.816112
57435.495646 -30779.243465 -24167.185325
-30779.243465 43140.30647 -487.801851
-24167.185325 -487.801851 24985.933952
84645.924233 -110372.937961 1433.073431
-110372.937961 176946.179493 -14361.392301
1433.073431 -14361.392301 20019.924031
155412.936848 19424.575528 -61386.689994
19424.575528 117232.844247 -63323.045496
-61386.689994 -63323.045496 130719.581537
31988.376453 -9372.40738 -24560.408883
-9372.40738 25791.313103 5138.710918
-24560.408883 5138.710918 53277.701115
160799.314749 -36712.267944 -68340.587224
-36712.267944 76493.575891 -28300.085744
-68340.587224 -28300.085744 71256.192867
58019.780682 -11545.366239 -17617.569854
-11545.366239 28845.53254 -12246.413597
-17617.569854 -12246.413597 28079.258961
12451.419068 -3109.551239 -3770.294755
-3109.551239 19360.628168 -4994.874906
-3770.294755 -4994.874906 14911.915795
183688.861105 -76336.845458 -38676.079492
-76336.845458 48903.280369 12373.881387
-38676.079492 12373.881387 32946.389341
431011.165596 -209317.743365 -180752.82902
-209317.743365 264938.613232 -29185.991678
-180752.82902 -29185.991678 188258.677433
62133.389681 -7622.700507 -13227.886769
-7622.700507 23868.976648 -1039.432907
-13227.886769 -1039.432907 28396.054799
44951.867464 -8703.832364 -39907.463912
-8703.832364 90289.900304 -39625.323362
-39907.463912 -39625.323362 75149.816403
79937.908278 -28421.648002 -11419.320088
-28421.648002 38338.788151 -21218.159735
-11419.320088 -21218.159735 37981.065111
53138.568916 -22253.948359 -9895.162394
-22253.948359 59537.409773 -27108.788727
-9895.162394 -27108.788727 31366.176772
259113.299839 5073.737743 -261431.899266
5073.737743 21716.525645 -15840.904845
-261431.899266 -15840.904845 306006.268867
36893.532047 -13740.98328 -9591.917098
-13740.98328 91290.834709 -89128.119856
-9591.917098 -89128.119856 126615.304334
15380.454931 -6114.192632 -2411.453303
-6114.192632 57253.556862 -32793.457933
-2411.453303 -32793.457933 34116.728084
20305.633913 -15194.050682 -5417.284488
-15194.050682 37662.203792 -11455.805516
-5417.284488 -11455.805516 33140.503145
30675.165635 -22968.487575 -448.73851
-22968.487575 45775.285346 -12920.409952
-448.73851 -12920.409952 22091.752848
26922.212834 -11246.009986 -10455.743197
-11246.009986 23782.907591 -5123.161119
-10455.743197 -5123.161119 18422.472604
92519.776486 -55422.879843 -8449.340799
-55422.879843 139491.064716 -72337.759169
-8449.340799 -72337.759169 68038.208185
457813.218244 -97311.915089 -331653.638535
-97311.915089 64451.371392 27953.364407
-331653.638535 27953.364407 298393.315603
109160.043565 6226.854239 -84504.272739
6226.854239 55197.76592 -53239.776042
-84504.272739 -53239.776042 128423.434073
16288.259153 -18409.594118 1837.429416
-18409.594118 89554.767316 -28391.692628
1837.429416 -28391.692628 25610.665582
130398.922077 -56676.720963 -85352.791519
-56676.720963 109240.801964 -4527.00617
-85352.791519 -4527.00617 152295.475413
49029.662979 -572.959924 -1930.938779
-572.959924 48418.869054 -11953.215821
-1930.938779 -11953.215821 41057.181837
59890.024779 -20580.445775 -19848.339912
-20580.445775 17151.500725 2316.291285
-19848.339912 2316.291285 20927.603906
63214.734494 -49217.996983 -10999.533666
-49217.996983 104396.628375 -34695.201061
-10999.533666 -34695.201061 51932.237189
28758.394886 -10281.212159 -16385.079945
-10281.212159 52753.721242 -28469.500299
-16385.079945 -28469.500299 48400.408269
185370.201832 -120930.101891 -20880.439307
-120930.101891 98840.008649 -1128.934498
-20880.439307 -1128.934498 24832.583418
26830.222279 -10969.693258 -15018.240943
-10969.693258 148625.762209 -131211.123308
-15018.240943 -131211.123308 172112.705656
51968.28079 6364.939727 -47677.124751
6364.939727 97799.182197 -48266.962282
-47677.124751 -48266.962282 83981.939672
95357.028402 -56617.675043 -38647.789022
-56617.675043 58498.775347 -391.552598
-38647.789022 -391.552598 61991.700538
35875.991875 -10062.793456 -21975.846402
-10062.793456 30200.856872 -27892.816032
-21975.846402 -27892.816032 76026.806391
116354.772727 -18349.628324 -160847.883222
-18349.628324 37623.537538 -10904.249516
-160847.883222 -10904.249516 291384.68337
108283.502559 -87160.363364 -5360.550476
-87160.363364 109856.680978 -37443.651356
-5360.550476 -37443.651356 57641.333535
1408381.780562 -760169.871821 -990070.142212
-760169.871821 446679.711036 518414.85584
-990070.142212 518414.85584 748825.934556
79310.672481 -6902.231966 -82133.593129
-6902.231966 17783.231514 -11401.264547
-82133.593129 -11401.264547 123939.962498
75471.341432 -79822.042176 4782.246013
-79822.042176 144297.403815 -32612.845011
4782.246013 -32612.845011 36473.7907
173356.194254 -125487.895013 -18378.245517
-125487.895013 105862.866627 9394.273931
-18378.245517 9394.273931 18021.196761
72774.060245 -44475.506883 -5264.472009
-44475.506883 193965.194385 -91900.164328
-5264.472009 -91900.164328 82879.424221
30908.860067 -19840.576245 4202.844113
-19840.576245 83672.282005 -47098.99263
4202.844113 -47098.99263 52839.998599
89920.618967 -39873.058918 -13216.543782
-39873.058918 34539.445209 1794.849262
-13216.543782 1794.849262 18393.441934
453885.579665 -442966.284815 49763.824487
-442966.284815 548496.20161 -122194.474988
49763.824487 -122194.474988 67655.419115
199713.915063 -19932.280568 -135734.616757
-19932.280568 14136.315457 -1886.77298
-135734.616757 -1886.77298 147608.07013
61366.876591 -12523.105477 -3607.462789
-12523.105477 19011.60526 -7902.823688
-3607.462789 -7902.823688 14848.39104
46793.835043 -19277.628087 -29525.506031
-19277.628087 67959.315726 -28294.823981
-29525.506031 -28294.823981 66975.536236
234938.880033 -129658.331377 -97435.931003
-129658.331377 112534.74017 49206.140222
-97435.931003 49206.140222 58069.244427
62149.594982 -19674.63887 -52132.497476
-19674.63887 119423.366675 -124877.953101
-52132.497476 -124877.953101 253785.042525
50218.460957 23605.857416 -65517.471419
23605.857416 193168.212505 -201896.870229
-65517.471419 -201896.870229 277584.397523
77577.274643 -67441.518092 -16878.925556
-67441.518092 119048.671411 -19408.712412
-16878.925556 -19408.712412 40031.468479
35062.66857 -25205.195525 -17825.770515
-25205.195525 102827.813329 -55152.854679
-17825.770515 -55152.854679 92566.53556
31340.676963 -22074.053283 11496.072523
-22074.053283 78814.794062 -59975.827385
11496.072523 -59975.827385 69333.78803
30153.046329 -2996.207534 -32856.378543
-2996.207534 22666.468326 -16975.226883
-32856.378543 -16975.226883 80024.285
34208.06464 -9797.264545 -21546.331692
-9797.264545 126823.301106 -90893.379273
-21546.331692 -90893.379273 112826.805283
40663.033477 -21996.16534 7010.000511
-21996.16534 37542.675084 -17110.915974
7010.000511 -17110.915974 19020.794133
32537.139331 -11675.600093 -27157.011142
-11675.600093 20127.351925 6488.816441
-27157.011142 6488.816441 56331.222925
29509.355298 -3275.731191 -12671.535084
-3275.731191 101072.969854 -90405.772807
-12671.535084 -90405.772807 114578.753436
54759.885591 -39585.412738 -14209.987772
-39585.412738 74102.839111 -35909.152174
-14209.987772 -35909.152174 72667.857683
30793.717541 -21443.816032 -239.98196
-21443.816032 81544.946122 -52830.401577
-239.98196 -52830.401577 74763.421548
94695.555033 -43075.214195 -2287.965623
-43075.214195 40273.188793 -13955.399641
-2287.965623 -13955.399641 25578.849754
61738.803122 13789.00997 -85307.506657
13789.00997 91699.357624 -114273.814482
-85307.506657 -114273.814482 238266.024088
37817.567437 10008.915363 -31752.225808
10008.915363 19637.419465 -16599.619684
-31752.225808 -16599.619684 49463.52293
54122.706534 12225.735251 -55018.868133
12225.735251 24785.843177 -19937.962049
-55018.868133 -19937.962049 80450.108151
129759.522682 -60047.050201 -36453.971446
-60047.050201 68796.491721 23671.720478
-36453.971446 23671.720478 22073.88423
25425.316675 1280.321101 -17802.290166
1280.321101 75479.867501 -83818.949178
-17802.290166 -83818.949178 125781.80253
89867.655537 -27532.55745 -32183.476225
-27532.55745 61799.518028 -18854.840325
-32183.476225 -18854.840325 48861.826933
40838.881136 -18446.741197 -3225.922707
-18446.741197 135495.993558 -89761.686203
-3225.922707 -89761.686203 86259.174396
50772.113085 -28197.091529 -12277.828544
-28197.091529 46810.070883 -5153.450903
-12277.828544 -5153.450903 17878.856256
78072.58467 22229.405926 -62485.564462
22229.405926 47302.157873 -41861.255538
-62485.564462 -41861.255538 72578.138436
550393.650399 -260269.439567 -208686.213747
-260269.439567 267849.752705 18389.222715
-208686.213747 18389.222715 149398.684244
49317.856815 -25409.609134 -14387.546059
-25409.609134 84764.828612 -38682.315976
-14387.546059 -38682.315976 48020.844694
32923.592492 -34661.447764 -2818.673734
-34661.447764 73167.231022 -24308.990418
-2818.673734 -24308.990418 37481.405381
38298.590752 -15705.143075 -4843.328276
-15705.143075 27959.506001 -10855.03077
-4843.328276 -10855.03077 18874.683869
57165.364854 -55997.952974 -4427.892006
-55997.952974 142530.657022 -32840.152059
-4427.892006 -32840.152059 28714.818177
80600.555198 -55396.015296 -5632.014485
-55396.015296 76232.577654 -23627.564438
-5632.014485 -23627.564438 33102.350661
117424.135059 -157230.180741 29402.364178
-157230.180741 286705.623 -106110.703875
29402.364178 -106110.703875 82782.695605
72616.725201 -14109.28953 -38537.722627
-14109.28953 37191.927423 -22098.775414
-38537.722627 -22098.775414 74699.353618
68491.62187 -22645.336315 -31605.76947
-22645.336315 25354.348292 -1856.240197
-31605.76947 -1856.240197 51062.986666
29150.874683 -21956.778245 -4751.560518
-21956.778245 46890.951487 -15246.110111
-4751.560518 -15246.110111 31281.500812
72196.822648 614.850479 -42432.271986
614.850479 29515.594193 -27983.212722
-42432.271986 -27983.212722 71576.344052
19319.351411 -2212.904797 -2489.985146
-2212.904797 64381.83411 -3178.466781
-2489.985146 -3178.466781 11938.17043
164076.885462 -82587.834608 -101901.561995
-82587.834608 133575.135584 -18778.237764
-101901.561995 -18778.237764 147632.224851
131796.815903 26261.533812 -156832.334185
26261.533812 51050.575165 -72312.742818
-156832.334185 -72312.742818 249118.384254
26415.936879 292.067157 -18426.470068
292.067157 27487.288302 -20680.038108
-18426.470068 -20680.038108 46301.98059
39540.752689 -316.858505 -33251.457189
-316.858505 18154.322735 -7540.820582
-33251.457189 -7540.820582 48412.559355
869203.06552 -134673.192231 -555122.657426
-134673.192231 357732.970217 -223781.276861
-555122.657426 -223781.276861 656863.826171
28095.137867 -10082.025638 -21922.830656
-10082.025638 31406.575623 -14112.1297
-21922.830656 -14112.1297 68347.895706
25876.293706 -16476.147817 -18887.982761
-16476.147817 30090.16301 -7281.511544
-18887.982761 -7281.511544 79173.446692
70881.181766 -58824.131354 9892.665899
-58824.131354 124528.624656 -69643.318922
9892.665899 -69643.318922 65598.493894
65931.700319 -10175.345576 -37804.60847
-10175.345576 18935.08083 -4923.321818
-37804.60847 -4923.321818 44399.137304
48588.002367 -17804.150898 -30533.660623
-17804.150898 40474.952148 -16752.261576
-30533.660623 -16752.261576 64143.624524
48663.820667 -4009.4723 -33460.690487
-4009.4723 89023.828164 -39905.330455
-33460.690487 -39905.330455 55157.413753
27865.117835 -5448.753756 -17761.077076
-5448.753756 17300.315545 -7836.836058
-17761.077076 -7836.836058 35661.636736
36772.635933 -2718.065894 -39800.459956
-2718.065894 40976.320463 -40173.725127
-39800.459956 -40173.725127 170455.254121
39557.793048 -32196.063354 -14723.683419
-32196.063354 71430.298889 -25971.996596
-14723.683419 -25971.996596 77521.361062
37298.732104 -46075.261191 18190.389266
-46075.261191 120748.467662 -66488.789764
18190.389266 -66488.789764 62440.594869
43455.613435 -23685.456089 -4144.685064
-23685.456089 43744.714547 -4472.265772
-4144.685064 -4472.265772 31751.912199
411584.719419 -116710.488779 -260245.713475
-116710.488779 127140.580791 -12778.524269
-260245.713475 -12778.524269 256136.75479
82721.858864 -29489.379868 9257.253827
-29489.379868 132623.393724 -142928.904421
9257.253827 -142928.904421 198851.598759
74206.729721 -51219.672777 1331.892565
-51219.672777 59381.145527 -20255.952686
1331.892565 -20255.952686 29294.004129
817011.427382 -111552.196692 -563022.112726
-111552.196692 138429.781432 -15684.635465
-563022.112726 -15684.635465 477894.617012
88757.916697 -62828.3918 -33391.489457
-62828.3918 90490.256171 978.800247
-33391.489457 978.800247 43040.359927
63268.486262 -50784.08613 -2896.248477
-50784.08613 91746.972627 -60677.892317
-2896.248477 -60677.892317 99601.089754
49623.433969 -35082.367533 -11212.058747
-35082.367533 132361.025847 -74168.503425
-11212.058747 -74168.503425 98756.257603
93911.334306 3142.870857 -67262.229858
3142.870857 41840.401709 -58428.702792
-67262.229858 -58428.702792 149243.394381
220758.364691 -321729.673274 82099.430237
-321729.673274 615473.252513 -212329.543568
82099.430237 -212329.543568 96419.842449
127285.883673 -23101.41882 -73716.586694
-23101.41882 43628.646816 -1416.674255
-73716.586694 -1416.674255 105902.733808
26685.772888 -19578.213895 4332.916312
-19578.213895 33853.40945 -11492.045544
4332.916312 -11492.045544 16525.002983
44358.471105 7886.761666 -39366.795357
7886.761666 41600.561627 -39514.635536
-39366.795357 -39514.635536 76824.524144
40057.889105 -30891.895365 -11790.865003
-30891.895365 66926.12927 1139.610853
-11790.865003 1139.610853 21374.012666
42229.745796 -27812.346367 -24430.221635
-27812.346367 60705.187237 -10936.521829
-24430.221635 -10936.521829 58391.690797
21228.370791 -17753.427444 10792.218043
-17753.427444 72576.04815 -35212.112866
10792.218043 -35212.112866 28421.374079
58989.482714 -17057.189745 -20412.86521
-17057.189745 22771.628075 -9601.457424
-20412.86521 -9601.457424 36403.43913
48088.259605 -14011.804277 -33621.102892
-14011.804277 41016.418528 -25200.747018
-33621.102892 -25200.747018 95965.641838
53310.573451 6585.262148 -45872.013718
6585.262148 47300.761771 -53548.380921
-45872.013718 -53548.380921 112480.295178
237363.990889 -66738.268911 -98581.595165
-66738.268911 97504.026145 -12268.463315
-98581.595165 -12268.463315 110102.974169
373096.328469 14701.752335 -444458.805512
14701.752335 33169.752291 -58418.481152
-444458.805512 -58418.481152 603273.347585
53077.414397 -10050.558314 -50113.293131
-10050.558314 30853.44391 -24938.521475
-50113.293131 -24938.521475 103808.305245
36108.244237 -13105.099313 -11522.178666
-13105.099313 22388.369762 -6376.013462
-11522.178666 -6376.013462 19900.541542
143341.031135 -68966.336491 -68509.248817
-68966.336491 79457.370596 -13568.950332
-68509.248817 -13568.950332 105773.026039
200372.155785 -23887.343096 -171295.898939
-23887.343096 51703.632984 -25200.80655
-171295.898939 -25200.80655 225040.544479
299858.647143 -70341.138324 -211849.088223
-70341.138324 46581.642366 28347.775396
-211849.088223 28347.775396 188591.945524
48797.857715 -5932.774931 -35314.931373
-5932.774931 21696.074009 -13520.735102
-35314.931373 -13520.735102 64918.223681
86630.818343 32250.837508 -82796.519494
32250.837508 43069.134664 -55437.718538
-82796.519494 -55437.718538 118487.64799
45342.59224 -45658.328762 -17176.561148
-45658.328762 180125.304503 -86764.483375
-17176.561148 -86764.483375 110646.872432
24128.759716 -2437.654111 -18790.752402
-2437.654111 32033.11573 -29478.946916
-18790.752402 -29478.946916 68759.12256
119569.819495 -84772.382795 -38181.164783
-84772.382795 117749.285393 13355.155974
-38181.164783 13355.155974 49173.479007
171449.270413 -119058.549841 -102270.770583
-119058.549841 122701.224643 61475.954325
-102270.770583 61475.954325 98513.668673
23875.226415 -1502.950551 -13860.317224
-1502.950551 13869.070716 -7364.174507
-13860.317224 -7364.174507 19654.593695
80245.71467 -41000.58645 -28236.970459
-41000.58645 47879.530227 -6445.55439
-28236.970459 -6445.55439 39838.048989
58082.988271 -36884.230103 -26383.869562
-36884.230103 50679.111662 -5746.952999
-26383.869562 -5746.952999 70649.877433
59596.795247 -15737.629426 -50764.979599
-15737.629426 64769.026613 -55164.654626
-50764.979599 -55164.654626 146589.549983
49571.863956 -38343.09948 -17765.468814
-38343.09948 46344.493985 17030.449812
-17765.468814 17030.449812 39613.988087
61997.612719 -53568.461717 3435.156858
-53568.461717 84667.37847 -28545.55963
3435.156858 -28545.55963 27699.028924
31962.87453 8711.167673 -39376.252232
8711.167673 42255.65975 -35498.521547
-39376.252232 -35498.521547 73333.275048
38410.105346 -2899.950712 -30739.247581
-2899.950712 11723.027435 -4300.260375
-30739.247581 -4300.260375 48544.629466
46469.26038 26352.335672 -62870.41401
26352.335672 44758.969874 -57602.96924
-62870.41401 -57602.96924 118592.02759
106440.928689 -28845.441986 -61575.671302
-28845.441986 24536.303347 -2458.966852
-61575.671302 -2458.966852 91274.716387
27516.165144 -30083.114929 -15599.938915
-30083.114929 87903.372945 -19290.560313
-15599.938915 -19290.560313 51378.524508
40194.221881 -10494.466784 -15322.771833
-10494.466784 97279.271899 -98151.029509
-15322.771833 -98151.029509 141634.877556
39763.968948 -75682.002319 33181.207478
-75682.002319 284881.417809 -170904.994536
33181.207478 -170904.994536 127563.020773
216681.575826 -144552.777207 -65445.892657
-144552.777207 166168.3017 -12285.541419
-65445.892657 -12285.541419 74832.687613
22346.798504 -10970.891409 -9268.863546
-10970.891409 87751.041873 -37822.964491
-9268.863546 -37822.964491 41954.716229
46430.200272 -34277.819034 11906.288887
-34277.819034 71156.513624 -44056.60567
11906.288887 -44056.60567 53661.745655
134793.555414 -141464.34407 742.324132
-141464.34407 190026.468112 -16425.226633
742.324132 -16425.226633 42842.704976
21049.225395 -18000.534608 -12648.150181
-18000.534608 107632.703912 -92486.298149
-12648.150181 -92486.298149 146457.283511
29566.745122 2559.468251 -16917.067689
2559.468251 174536.859818 -119857.818059
-16917.067689 -119857.818059 104786.938115
57493.337144 -9789.685819 -44382.064571
-9789.685819 31714.447432 -33936.672992
-44382.064571 -33936.672992 110125.779971
128399.288501 18267.67526 -68166.636914
18267.67526 42312.513747 -29297.701257
-68166.636914 -29297.701257 61919.142916
27130.337323 -9883.726183 -2043.126531
-9883.726183 46705.825998 -24689.650778
-2043.126531 -24689.650778 39278.087673
87560.530832 -52539.05828 -38819.766921
-52539.05828 57107.153182 13526.233597
-38819.766921 13526.233597 33044.288015
171361.125635 -17884.046745 -140755.824538
-17884.046745 53017.541498 -31583.195372
-140755.824538 -31583.195372 180982.032704
392513.74991 -84803.980084 -333142.887654
-84803.980084 47312.701685 56321.593458
-333142.887654 56321.593458 341398.079541
76658.68936 -27704.017045 -51692.037202
-27704.017045 58524.006544 -30537.120381
-51692.037202 -30537.120381 101781.601979
175803.485387 27266.471614 -166603.099991
27266.471614 35608.802692 -67290.055152
-166603.099991 -67290.055152 235060.825602
19306.173919 -10233.01611 -3265.971485
-10233.01611 72778.700118 -44468.173407
-3265.971485 -44468.173407 42082.337956
216496.968871 -141938.727714 -15691.398045
-141938.727714 265530.208207 -129565.796389
-15691.398045 -129565.796389 132678.672306
59064.542196 -44928.002225 -9254.523337
-44928.002225 108830.463967 -37564.307062
-9254.523337 -37564.307062 34386.084704
54387.613581 -21758.147369 -37384.48831
-21758.147369 83902.917586 -42577.518827
-37384.48831 -42577.518827 86301.085253
38573.27443 -15455.710356 -35492.744867
-15455.710356 35709.027314 -20955.960803
-35492.744867 -20955.960803 120854.863925
102286.872927 -24758.241298 -66519.327477
-24758.241298 64668.357481 -26570.340159
-66519.327477 -26570.340159 91137.166127
116272.727122 -75251.9202 -60280.419479
-75251.9202 67111.885931 32772.298766
-60280.419479 32772.298766 52903.478367
16881.063953 -9661.018483 -5404.072656
-9661.018483 62735.959266 -39900.706836
-5404.072656 -39900.706836 46992.691153
16494.366949 -5957.580031 -3341.194512
-5957.580031 34517.905245 -10897.188257
-3341.194512 -10897.188257 17127.736132
35302.795351 -37603.631558 15851.916134
-37603.631558 67684.439814 -46385.613283
15851.916134 -46385.613283 70517.948243
34017.337403 -18162.236084 -13596.35764
-18162.236084 32943.246595 -9996.612206
-13596.35764 -9996.612206 32752.197642
48859.451824 -2443.504851 -22392.673932
-2443.504851 16173.167939 -9879.632393
-22392.673932 -9879.632393 29487.499964
32799.443367 6865.002104 -34593.637914
6865.002104 60346.639995 -62129.050656
-34593.637914 -62129.050656 109438.364216
38383.336302 -17706.001459 4124.924031
-17706.001459 19640.618078 -11604.406843
4124.924031 -11604.406843 18886.282997
52771.77619 -22892.033749 -40512.350134
-22892.033749 58796.63115 -16980.872659
-40512.350134 -16980.872659 88057.522777
16001.947361 -12543.817978 1306.036684
-12543.817978 27400.277019 -12700.482392
1306.036684 -12700.482392 16754.818915
44766.571276 -72107.745929 10883.880369
-72107.745929 185265.040992 -66690.390953
10883.880369 -66690.390953 48807.398391
70271.49693 -47095.703509 -20448.40431
-47095.703509 53655.173373 7873.158668
-20448.40431 7873.158668 35135.334144
3898508.148193 -265772.999184 -3509579.301221
-265772.999184 56473.476782 214819.369826
-3509579.301221 214819.369826 3228644.845612
93269.817734 -66228.455759 -38793.728624
-66228.455759 152095.714368 -23184.356574
-38793.728624 -23184.356574 69429.549065
110461.857215 -65713.157896 -7940.866606
-65713.157896 88603.106331 -26709.423671
-7940.866606 -26709.423671 33435.530071
21393.181134 -13454.941926 -12561.680781
-13454.941926 25831.737629 2233.057158
-12561.680781 2233.057158 33216.538596
113257.580237 -43033.815602 -48283.129895
-43033.815602 60484.188279 -27428.02449
-48283.129895 -27428.02449 89135.653467
35868.56843 19067.660091 -28155.766502
19067.660091 99152.037484 -87832.586721
-28155.766502 -87832.586721 97270.744755
150338.99486 -15630.363174 -106620.552712
-15630.363174 24266.090872 -11853.039345
-106620.552712 -11853.039345 131143.210266
185989.51975 -135663.684898 -13010.255629
-135663.684898 232618.914642 -45663.440901
-13010.255629 -45663.440901 37049.374294
8300.377462 -2563.255543 -8079.658471
-2563.255543 22034.136556 -14731.973137
-8079.658471 -14731.973137 43513.615168
16460.096031 -4517.575605 -6269.939213
-4517.575605 65038.268121 -29182.505965
-6269.939213 -29182.505965 37322.048122
50289.819141 -11703.70223 -55306.169668
-11703.70223 20947.608558 -8553.250364
-55306.169668 -8553.250364 103650.892076
95679.470139 -55852.33294 -19657.84754
-55852.33294 82302.907531 -72601.480178
-19657.84754 -72601.480178 176817.840574
76240.065237 -46926.038174 -14697.42035
-46926.038174 77506.795701 -32834.6395
-14697.42035 -32834.6395 49900.745922
140575.526993 -13507.425361 -133232.575418
-13507.425361 62052.367987 -29557.600852
-133232.575418 -29557.600852 170056.298876
30719.281357 -39421.879815 6872.046939
-39421.879815 214313.070253 -164115.57157
6872.046939 -164115.57157 164150.766042
62681.287021 -2596.882278 -36746.682892
-2596.882278 229937.948759 -139534.893081
-36746.682892 -139534.893081 120438.512141
42396.488921 -46531.915524 -5175.534289
-46531.915524 146787.196983 -71072.48998
-5175.534289 -71072.48998 83229.402734
21249.006768 -23040.062369 -510.159732
-23040.062369 93004.553155 -40966.143392
-510.159732 -40966.143392 41810.952921
43044.280947 -15323.22205 -42326.26229
-15323.22205 84922.106211 -71142.212141
-42326.26229 -71142.212141 151279.489747
126578.866648 -150137.993867 12726.551656
-150137.993867 233724.237907 -62455.577332
12726.551656 -62455.577332 59847.501148
49335.744994 -44471.232249 2268.829611
-44471.232249 66541.254089 -28968.471534
2268.829611 -28968.471534 48576.072024
39786.953716 -40886.022302 -315.607778
-40886.022302 93081.211144 -21956.600807
-315.607778 -21956.600807 33702.307758
155757.775972 -105406.976552 -7957.724356
-105406.976552 114060.619937 -25922.396687
-7957.724356 -25922.396687 43290.46887
54584.339256 -10292.565631 -34131.682206
-10292.565631 30488.739985 -9500.948266
-34131.682206 -9500.948266 42268.181163
69453.893282 -26809.230506 -22204.861576
-26809.230506 33125.319136 -13662.361364
-22204.861576 -13662.361364 40080.573842
18280.903659 -9090.388921 2513.961373
-9090.388921 67152.51862 -65174.027278
2513.961373 -65174.027278 86187.402802
35087.849315 -12676.300233 -17927.406456
-12676.300233 63658.472683 -35205.649018
-17927.406456 -35205.649018 51416.729763
54292.65422 -9828.177164 -29053.109372
-9828.177164 29340.519936 -6504.405691
-29053.109372 -6504.405691 32858.980693
142918.966903 33.759078 -149512.910752
33.759078 37996.144158 -33483.9094
-149512.910752 -33483.9094 206011.056502
30930.92812 -7684.322748 -31458.380847
-7684.322748 94236.425974 -99566.314096
-31458.380847 -99566.314096 202970.283149
85840.388851 -10096.208072 -53548.637817
-10096.208072 47308.431342 -15434.80736
-53548.637817 -15434.80736 67290.338254
61575.174687 -127008.018041 71389.402707
-127008.018041 479391.543927 -357371.124784
71389.402707 -357371.124784 311785.180549
34178.504408 -27255.100372 -11935.077901
-27255.100372 70541.914629 -9222.149339
-11935.077901 -9222.149339 20212.942479
33381.78214 -3653.620765 -8282.174518
-3653.620765 49835.528721 -23086.961809
-8282.174518 -23086.961809 31445.927803
50342.513039 4385.476169 -40304.967205
4385.476169 58832.898889 -18885.06022
-40304.967205 -18885.06022 47591.571796
47648.624217 3272.638574 -61744.685071
3272.638574 231210.385382 -254914.193387
-61744.685071 -254914.193387 366217.928301
106738.935991 -31985.383125 -84486.915101
-31985.383125 78421.297906 -41417.35469
-84486.915101 -41417.35469 160033.350331
145473.874962 -37186.0517 -79557.444493
-37186.0517 22736.10106 11289.388199
-79557.444493 11289.388199 57504.181119
54886.75717 -25634.377591 -11319.191171
-25634.377591 46094.392932 -16912.418698
-11319.191171 -16912.418698 27324.256327
54566.099564 -18850.355002 -50130.635817
-18850.355002 212563.220821 -179579.149501
-50130.635817 -179579.149501 270139.844511
126993.815576 -23651.772368 -116623.246599
-23651.772368 33896.846293 3651.038345
-116623.246599 3651.038345 161218.083992
48788.681984 -11408.955666 -30239.255825
-11408.955666 28177.898098 -4992.808972
-30239.255825 -4992.808972 63586.481032
28936.184892 -4866.480951 -14661.41741
-4866.480951 71682.181804 -43510.622887
-14661.41741 -43510.622887 60230.292835
69671.667442 -38647.320066 -11591.525405
-38647.320066 41316.740247 3092.123224
-11591.525405 3092.123224 14210.61519
366396.483982 -109251.647301 -182073.069346
-109251.647301 111047.078099 -5482.268511
-182073.069346 -5482.268511 201353.409264
78758.840513 18445.876865 -29135.762435
18445.876865 33349.635667 -26635.037049
-29135.762435 -26635.037049 36641.839161
58595.350923 -30187.149483 -16537.006794
-30187.149483 44803.131108 -9625.438726
-16537.006794 -9625.438726 22515.78327
622806.779322 -237428.159537 -317941.66102
-237428.159537 139106.71212 78224.99127
-317941.66102 78224.99127 213042.180802
37680.208551 -13274.131286 -15312.266599
-13274.131286 115449.62271 -103209.450026
-15312.266599 -103209.450026 147327.711019
19879.888625 -11148.83936 -9539.368715
-11148.83936 43104.740162 -21551.752956
-9539.368715 -21551.752956 41001.631948
25463.000246 -7062.099093 -10758.60746
-7062.099093 78729.156854 -50113.975348
-10758.60746 -50113.975348 71015.860839
51384.589576 -42982.293321 6357.855782
-42982.293321 71035.857877 -23404.879449
6357.855782 -23404.879449 22050.350782
44135.882025 -33800.07495 -2990.293414
-33800.07495 112178.252611 -44348.681042
-2990.293414 -44348.681042 44065.666348
70316.772724 -19644.007276 -53408.753032
-19644.007276 19432.528488 -3304.272583
-53408.753032 -3304.272583 104511.151834
49770.139127 -12344.896607 -19498.835431
-12344.896607 21503.960865 -17778.272342
-19498.835431 -17778.272342 58952.904742
126282.287613 -1158.64623 -132029.39692
-1158.64623 57655.039813 -31043.508424
-132029.39692 -31043.508424 202830.987804
32348.098542 -15166.547637 -16878.472045
-15166.547637 56746.001205 1954.356805
-16878.472045 1954.356805 45954.72417
50454.64725 6617.975731 -39631.161968
6617.975731 36909.236059 -31592.310517
-39631.161968 -31592.310517 108143.112375
66592.312604 -36698.021372 -11989.454555
-36698.021372 116563.90068 -41765.621659
-11989.454555 -41765.621659 39190.619124
58175.763875 440.001444 -30441.701492
440.001444 20706.317529 -6931.686051
-30441.701492 -6931.686051 33841.996925
21034.284275 145.154296 -21634.950756
145.154296 85698.011176 -74066.852479
-21634.950756 -74066.852479 101054.14519
39079.374336 -12441.32701 8313.521384
-12441.32701 76736.345996 -82635.670388
8313.521384 -82635.670388 131155.408774
59389.267825 -25696.824178 -23226.615192
-25696.824178 56775.931025 -22589.620569
-23226.615192 -22589.620569 49175.725196
51184.201447 -6493.026999 -59602.735476
-6493.026999 16764.2309 -11896.661156
-59602.735476 -11896.661156 107713.586892
54626.489224 -28986.5542 -22522.239642
-28986.5542 95727.025108 -14441.281858
-22522.239642 -14441.281858 42616.792768
41416.105599 23487.17423 -37880.070004
23487.17423 28252.446172 -32686.96954
-37880.070004 -32686.96954 61829.887811
32838.320783 5834.947866 -39525.669277
5834.947866 41214.865921 -60396.228563
-39525.669277 -60396.228563 153846.09353
121341.704366 -68292.270121 -26301.989588
-68292.270121 70373.795991 -17634.050902
-26301.989588 -17634.050902 60767.900639
35908.402846 -58314.614271 23092.456576
-58314.614271 181821.904225 -110989.397704
23092.456576 -110989.397704 88245.528371
51955.001609 -11106.395251 -21795.807405
-11106.395251 22168.386303 -18746.699911
-21795.807405 -18746.699911 57722.39855
156861.877704 8322.534698 -126915.044351
8322.534698 118414.75528 -79333.501433
-126915.044351 -79333.501433 178144.363129
79046.724147 -14313.162229 -70638.603541
-14313.162229 25774.83199 -5209.297612
-70638.603541 -5209.297612 86360.10136
79312.958148 -43769.406372 28158.253395
-43769.406372 46822.446726 -52830.467771
28158.253395 -52830.467771 111061.984993
456164.828098 -115393.563606 -201181.956492
-115393.563606 89104.969932 2706.711561
-201181.956492 2706.711561 151991.488062
51318.479163 -36997.165175 -14928.911573
-36997.165175 112842.435796 -39540.462541
-14928.911573 -39540.462541 39972.52786
12133.687278 -10676.170807 124.182972
-10676.170807 39966.125438 -21067.591481
124.182972 -21067.591481 22613.204917
33402.71797 -13127.752436 -16801.842439
-13127.752436 23639.457039 -6830.433556
-16801.842439 -6830.433556 30675.919385
43815.536226 -25442.003272 -36123.201285
-25442.003272 135019.205699 -72296.463145
-36123.201285 -72296.463145 126628.267597
100326.563077 -98476.295541 -8974.775363
-98476.295541 122395.812135 165.574962
-8974.775363 165.574962 35925.637475
133024.368197 -23511.654085 84785.059145
-23511.654085 33039.695562 -54923.37086
84785.059145 -54923.37086 181801.299391
34472.393376 -30425.837646 -10853.727369
-30425.837646 122376.809211 -82851.250551
-10853.727369 -82851.250551 119432.448505
17350.708553 -19447.065399 -8831.19878
-19447.065399 54895.181103 -11837.822117
-8831.19878 -11837.822117 34710.531607
37324.708105 23990.058991 -45214.371212
23990.058991 68805.947605 -76677.24668
-45214.371212 -76677.24668 111712.08077
41564.190245 -30131.271401 2375.206193
-30131.271401 55216.719403 -12332.409826
2375.206193 -12332.409826 29090.991265
39116.302952 4774.215043 -17753.901785
4774.215043 63796.909995 -37545.092498
-17753.901785 -37545.092498 42791.067703
52715.444351 3355.223459 -39861.955672
3355.223459 51392.522607 -38890.735967
-39861.955672 -38890.735967 68152.215816
148032.746066 -46098.357458 -75160.138813
-46098.357458 37781.452819 18439.169498
-75160.138813 18439.169498 66467.644586
79778.010885 -71556.405618 298.450842
-71556.405618 125640.713265 -66478.009041
298.450842 -66478.009041 106960.417466
222392.49916 -16291.928611 -177309.355381
-16291.928611 64869.344321 -22930.910841
-177309.355381 -22930.910841 190497.781003
77967.302884 -45802.153566 -57333.740438
-45802.153566 80400.668159 26692.174516
-57333.740438 26692.174516 70827.002987
95155.412636 -17300.342836 -48913.475907
-17300.342836 17872.520814 3215.105003
-48913.475907 3215.105003 43438.720246
53838.923792 -46325.097226 -7820.615808
-46325.097226 123420.927265 -48848.88046
-7820.615808 -48848.88046 59643.343764
51786.508811 -41916.331391 2991.316682
-41916.331391 123387.08542 -54820.950447
2991.316682 -54820.950447 56061.969163
509824.552602 -261771.398926 -171799.894331
-261771.398926 172861.688702 53528.006418
-171799.894331 53528.006418 129704.653117
14688.895161 -2606.299187 -11032.861577
-2606.299187 120755.611095 -125772.441236
-11032.861577 -125772.441236 184582.790538
24013.512403 6326.517353 -21654.8316
6326.517353 29355.851781 -28075.623228
-21654.8316 -28075.623228 50974.990272
64726.521452 -37347.24267 -42299.337935
-37347.24267 77334.415751 834.613122
-42299.337935 834.613122 64011.13699
27244.853972 -8547.881687 -16513.063959
-8547.881687 15097.784305 -768.322408
-16513.063959 -768.322408 47794.120433
34872.678915 -14215.87371 3275.519745
-14215.87371 49762.791103 -21355.851686
3275.519745 -21355.851686 27075.761478
60559.031259 49104.352782 -82104.767991
49104.352782 94501.326615 -107476.320957
-82104.767991 -107476.320957 159308.806827
41481.865108 4407.314226 -29385.173234
4407.314226 17172.078237 -10477.446013
-29385.173234 -10477.446013 33755.435264
39558.374002 -9058.54936 -34614.993584
-9058.54936 35921.771949 -15294.130198
-34614.993584 -15294.130198 72270.767922
23388.509333 -13047.900247 -4556.430585
-13047.900247 37998.846253 -3751.977253
-4556.430585 -3751.977253 8230.139414
12183.256575 -5638.684866 -2171.767912
-5638.684866 28909.288782 -23901.894633
-2171.767912 -23901.894633 31529.649377
132074.140714 -49965.538744 -54752.747424
-49965.538744 31044.582399 14606.639651
-54752.747424 14606.639651 35164.400036
44205.837243 39473.785227 -49692.276275
39473.785227 99710.435176 -77348.203126
-49692.276275 -77348.203126 80157.471339
297420.102641 -275509.730396 17135.219588
-275509.730396 299304.479549 -36619.627616
17135.219588 -36619.627616 26481.125656
136837.320058 28670.402278 -113407.34757
28670.402278 209529.44344 -162138.979642
-113407.34757 -162138.979642 197797.611216
285294.63567 -161033.830566 -68159.357446
-161033.830566 127956.193205 10077.168673
-68159.357446 10077.168673 55416.51138
146837.484931 -59102.065397 -42036.449317
-59102.065397 49731.266628 -717.508574
-42036.449317 -717.508574 45390.314817
61364.276366 -75162.247226 25927.113541
-75162.247226 109345.243854 -44921.457232
25927.113541 -44921.457232 42233.514718
130458.754833 -37953.934701 -58870.961963
-37953.934701 44515.607453 -14394.950915
-58870.961963 -14394.950915 68941.238698
83917.76602 9601.883892 -34659.347102
9601.883892 74391.70886 -27762.948234
-34659.347102 -27762.948234 59462.850164
53744.091617 -55702.352298 16103.823396
-55702.352298 107238.170576 -52131.769022
16103.823396 -52131.769022 76881.427484
36034.840704 -16879.217993 -14015.053296
-16879.217993 76311.373162 -27162.110556
-14015.053296 -27162.110556 50827.414243
22694.132506 860.455114 -18837.48573
860.455114 126854.973725 -62841.539581
-18837.48573 -62841.539581 80589.010219
141621.5067 -99002.727586 -29543.367336
-99002.727586 169352.219678 -58474.623656
-29543.367336 -58474.623656 108952.845281
64525.107098 -7554.053019 -45065.792228
-7554.053019 31846.726413 11232.478808
-45065.792228 11232.478808 69169.554512
75131.839523 -10466.941199 -67990.620185
-10466.941199 22851.224562 -16916.440013
-67990.620185 -16916.440013 112436.688823
38982.99093 11756.65778 -32450.606405
11756.65778 74557.646821 -59480.013048
-32450.606405 -59480.013048 102560.554985
173364.395807 -64420.566162 -83767.076001
-64420.566162 112543.181653 13869.877708
-83767.076001 13869.877708 55987.791762
38032.864208 -17182.618224 -9330.044341
-17182.618224 134774.863807 -60920.593263
-9330.044341 -60920.593263 57550.51068
46350.889655 -39829.151315 7105.869464
-39829.151315 65127.690702 -41519.270906
7105.869464 -41519.270906 51095.529977
26481.376577 -4428.346469 591.570617
-4428.346469 94485.02594 -51927.065512
591.570617 -51927.065512 119901.239435
200628.891318 -73894.125661 -50879.359587
-73894.125661 56266.842721 -1939.132377
-50879.359587 -1939.132377 46096.794418
53209.538611 -6957.792779 -34967.260769
-6957.792779 27338.873087 -25373.096589
-34967.260769 -25373.096589 72612.434501
22607.158477 813.831647 -21221.101208
813.831647 43113.288765 -18309.158841
-21221.101208 -18309.158841 51759.724702
48247.61518 -14667.048297 -18896.471356
-14667.048297 21999.909692 -8879.958181
-18896.471356 -8879.958181 28574.229543
38466.071192 -25732.974437 7938.319592
-25732.974437 78138.882206 -77745.901707
7938.319592 -77745.901707 99026.573005
36675.868758 -7360.881295 -13172.193245
-7360.881295 83820.421199 -27899.118322
-13172.193245 -27899.118322 36066.457168
266546.851054 -373288.408107 34940.320901
-373288.408107 1027930.346306 -478824.126291
34940.320901 -478824.126291 396223.596669
30901.887747 -43837.268858 5216.661484
-43837.268858 390085.659907 -312038.835771
5216.661484 -312038.835771 316164.965182
