25347.849733 -4603.04085155634 -19205.8142217629
-4603.04085155634 143664.811718764 -101574.204344066
-19205.8142217629 -101574.204344066 117955.000643333
57743.577194 -17132.0625037948 -22768.5899781162
-17132.0625037948 14052.446249655 1954.24733921291
-22768.5899781162 1954.24733921291 37180.4970436616
54786.67273 -81334.7095283581 14061.3385905298
-81334.7095283581 203548.593164034 -84741.8569393371
14061.3385905298 -84741.8569393371 73854.9214267159
159475.826732 -60880.4736868904 -81557.7445954734
-60880.4736868904 42297.3458178801 16251.1049239231
-81557.7445954734 16251.1049239231 64032.5173668107
21093.498108 -12302.0017978203 -8329.05468299148
-12302.0017978203 42455.9321822419 -14864.7817026371
-8329.05468299148 -14864.7817026371 23481.2209543626
32402.175463 -69663.0853194153 32239.8671151216
-69663.0853194153 259566.435505064 -175536.860418574
32239.8671151216 -175536.860418574 158907.570263173
45185.776273 -23001.7319338439 -4799.67625412157
-23001.7319338439 197718.470780668 -121625.470464458
-4799.67625412157 -121625.470464458 99531.4811621142
115140.63249 -50076.596379964 -43918.9469220264
-50076.596379964 57196.8395400444 -13454.218923631
-43918.9469220264 -13454.218923631 71124.0994233911
42395.991926 -22911.3233499132 8845.90685724192
-22911.3233499132 28030.6662329159 -7921.69638021603
8845.90685724192 -7921.69638021603 25353.09722729
41868.931243 -20412.0464640135 -8481.42022653828
-20412.0464640135 29658.8204019236 -6790.0500945579
-8481.42022653828 -6790.0500945579 18666.0327098067
47750.728742 -607.79944735306 -12586.3461839297
-607.79944735306 37759.3479162594 -20237.1855254625
-12586.3461839297 -20237.1855254625 28627.8440437339
16504.168971 -7306.87796954073 -12012.0941224627
-7306.87796954073 15120.2583799909 -5873.93071074582
-12012.0941224627 -5873.93071074582 33071.4467350492
46456.049349 -31504.5872817915 -9641.40180727908
-31504.5872817915 42794.5615256593 -8705.470392831
-9641.40180727908 -8705.470392831 25911.9748205862
101422.608447 47238.7129970417 -123022.250366344
47238.7129970417 268397.864651539 -319154.126880016
-123022.250366344 -319154.126880016 454070.647746233
18585.768366 -20062.4077060985 -1778.72657511606
-20062.4077060985 75365.3987794922 -32346.9873042504
-1778.72657511606 -32346.9873042504 31955.320386303
118573.760739 -5535.32916862267 -78280.515690125
-5535.32916862267 96089.09017853 -65780.4118656014
-78280.515690125 -65780.4118656014 118273.35612138
24697.951888 24083.4416562228 -50933.5920462582
24083.4416562228 268148.310745903 -302251.506782521
-50933.5920462582 -302251.506782521 411653.284022024
103899.723779 -26035.8212213682 -60146.4696192088
-26035.8212213682 30677.8791169829 4237.70504811587
-60146.4696192088 4237.70504811587 66403.8277216681
43653.062753 -26367.4393893398 -13093.3842602326
-26367.4393893398 93188.1943837819 -73844.7376921354
-13093.3842602326 -73844.7376921354 113484.84936064
256251.745592 -202158.058735477 -66647.2567150899
-202158.058735477 190244.16383827 32312.900397343
-66647.2567150899 32312.900397343 42021.2193229483
29126.97667 -4589.6272794179 -23742.0308933208
-4589.6272794179 151567.380556097 -163428.58515559
-23742.0308933208 -163428.58515559 220066.315983063
290080.297716 -67489.8181699879 -181533.926359363
-67489.8181699879 42455.4433716459 25575.3799497755
-181533.926359363 25575.3799497755 143944.588263291
64510.18205 -47463.4647322369 -12741.4642536405
-47463.4647322369 72521.6423295297 -11733.3453244804
-12741.4642536405 -11733.3453244804 32850.8044359749
22013.991031 -23427.3105752179 6837.055263534
-23427.3105752179 73067.0230606813 -43630.2964228722
6837.055263534 -43630.2964228722 42061.9820242711
21544.213039 16279.1010870051 -45000.9889917766
16279.1010870051 55909.6939476129 -71857.080048895
-45000.9889917766 -71857.080048895 160521.004809157
57435.495646 -30624.5778897783 -24362.4551286794
-30624.5778897783 43145.1981631701 -372.19875670263
-24362.4551286794 -372.19875670263 24980.1221146854
84645.924233 -110379.815131162 487.019961396012
-110379.815131162 177176.483936755 -13014.014570078
487.019961396012 -13014.014570078 19784.7964571635
155412.936848 19406.1583560798 -61392.5136832822
19406.1583560798 117194.848119943 -63318.9861773383
-61392.5136832822 -63318.9861773383 130757.570225484
31988.376453 -9455.1782377637 -24528.6095885931
-9455.1782377637 25826.1933560512 5231.28503541433
-24528.6095885931 5231.28503541433 53242.5210029454
160799.314749 -36545.0634600606 -68430.0579347833
-36545.0634600606 76631.7505227714 -28286.888450416
-68430.0579347833 -28286.888450416 71117.7239385963
58019.780682 -11539.2432042721 -17621.5804503188
-11539.2432042721 28854.0425427971 -12246.1438663581
-17621.5804503188 -12246.1438663581 28070.7466668615
12451.419068 -3128.64692518811 -3754.43664077329
-3128.64692518811 19309.6103028857 -5017.16869020231
-3754.43664077329 -5017.16869020231 14962.6389601933
183688.861105 -76503.2238627189 -38345.3275512347
-76503.2238627189 49009.7457405416 12304.3047454339
-38345.3275512347 12304.3047454339 32839.4132669292
431011.165596 -208988.583240269 -181133.074424205
-208988.583240269 265044.216711707 -29046.3244714092
-181133.074424205 -29046.3244714092 188152.574387757
62133.389681 -7578.84742371718 -13253.0287626076
-7578.84742371718 23875.822103135 -1054.39531024529
-13253.0287626076 -1054.39531024529 28389.0183551582
44951.867464 -8732.38317899532 -39901.2227008496
-8732.38317899532 90233.1733368053 -39636.1087529712
-39901.2227008496 -39636.1087529712 75206.5151384467
79937.908278 -28376.7379317177 -11530.2608750068
-28376.7379317177 38504.4049500711 -21216.0060288261
-11530.2608750068 -21216.0060288261 37815.0598813955
53138.568916 -22195.0662467122 -10026.1962706763
-22195.0662467122 59855.5304298047 -26940.4257889104
-10026.1962706763 -26940.4257889104 31047.0018717331
259113.299839 4915.96237900252 -261434.897788561
4915.96237900252 21697.5065851229 -15669.3225854022
-261434.897788561 -15669.3225854022 306025.248139994
36893.532047 -13757.3935858339 -9568.35105726469
-13757.3935858339 90985.3805331142 -89066.9754170297
-9568.35105726469 -89066.9754170297 126920.545208287
15380.454931 -6129.66870026752 -2371.7111715405
-6129.66870026752 56826.203497622 -32940.3646178371
-2371.7111715405 -32940.3646178371 34542.79900903
20305.633913 -15226.4488012985 -5325.24465030511
-15226.4488012985 37522.9917249997 -11482.1782343402
-5325.24465030511 -11482.1782343402 33278.8516497339
30675.165635 -22971.076905203 -267.272562632242
-22971.076905203 45568.7253106111 -13105.6167382908
-267.272562632242 -13105.6167382908 22296.9010345195
26922.212834 -11234.8032895632 -10467.7796736476
-11234.8032895632 23793.8661475735 -5117.40638794641
-10467.7796736476 -5117.40638794641 18411.4979103285
92519.776486 -55396.1973720535 -8621.95554780874
-55396.1973720535 139940.652061819 -72113.5116498261
-8621.95554780874 -72113.5116498261 67587.9493901384
457813.218244 -97101.9523693066 -331715.148375721
-97101.9523693066 64416.0675764613 27805.2530809103
-331715.148375721 27805.2530809103 298428.570955916
109160.043565 6085.76291629168 -84514.511440671
6085.76291629168 55020.1516167507 -53117.179883461
-84514.511440671 -53117.179883461 128600.877778125
16288.259153 -18415.5318632854 1776.58175755441
-18415.5318632854 89741.3817464566 -28179.6682540515
1776.58175755441 -28179.6682540515 25423.6319607172
130398.922077 -56538.2649251334 -85444.5148856269
-56538.2649251334 109255.495929629 -4596.76985650704
-85444.5148856269 -4596.76985650704 152280.552372969
49029.662979 -579.570810982496 -1928.96071645085
-579.570810982496 48336.6907354373 -11978.1092996143
-1928.96071645085 -11978.1092996143 41139.0100817772
59890.024779 -20547.6387968004 -19882.282128705
-20547.6387968004 17143.8470610584 2310.04222358421
-19882.282128705 2310.04222358421 20935.222971267
63214.734494 -49193.9735241385 -11106.3020213747
-49193.9735241385 104546.793925432 -34580.9726580743
-11106.3020213747 -34580.9726580743 51781.8262597235
28758.394886 -10383.4802271043 -16320.3131747314
-10383.4802271043 52396.5517947653 -28494.140801389
-16320.3131747314 -28494.140801389 48756.2572381062
185370.201832 -120894.509687272 -21085.1943161991
-120894.509687272 98843.5256014533 -1003.59572814986
-21085.1943161991 -1003.59572814986 24828.9482369746
26830.222279 -10906.0054653798 -15064.4850923291
-10906.0054653798 149735.84662373 -131305.03507153
-15064.4850923291 -131305.03507153 171000.706456006
51968.28079 6440.306592063 -47666.9823417946
6440.306592063 97951.6859282897 -48244.835768748
-47666.9823417946 -48244.835768748 83829.2844830932
95357.028402 -56547.8122770727 -38749.8716086353
-56547.8122770727 58500.1363344958 -397.852586032174
-38749.8716086353 -397.852586032174 61990.2087693852
35875.991875 -10176.0639644059 -21923.5072362291
-10176.0639644059 29913.8242286307 -27654.5113401328
-21923.5072362291 -27654.5113401328 76312.8953321866
116354.772727 -17598.2073810166 -160931.236763253
-17598.2073810166 37730.641669819 -12088.7333401819
-160931.236763253 -12088.7333401819 291275.187476006
108283.502559 -87156.8237212502 -5417.69593667048
-87156.8237212502 109905.742897545 -37409.3786326116
-5417.69593667048 -37409.3786326116 57592.2476140167
1408381.780562 -759651.431264731 -990467.910216255
-759651.431264731 446136.972829998 518256.350832288
-990467.910216255 518256.350832288 749368.563551669
79310.672481 -6924.94155212732 -82131.6804757114
-6924.94155212732 17776.9342779187 -11371.9101792716
-82131.6804757114 -11371.9101792716 123946.256122396
75471.341432 -79823.5955327002 4756.22368934715
-79823.5955327002 144318.650816842 -32577.6864296143
4756.22368934715 -32577.6864296143 36452.537294278
173356.194254 -125413.529539394 -18876.800987
-125413.529539394 105786.247708556 9743.04887397522
-18876.800987 9743.04887397522 18097.1633630779
72774.060245 -44507.8844263426 -4980.60152735941
-44507.8844263426 192785.535741077 -92600.0803396681
-4980.60152735941 -92600.0803396681 84055.3272093381
30908.860067 -19836.4933848804 4222.05707692895
-19836.4933848804 83580.9962601105 -47128.7505853829
4222.05707692895 -47128.7505853829 52931.2416614078
89920.618967 -39841.9466866784 -13309.9178186882
-39841.9466866784 34530.882752866 1832.65614952535
-13309.9178186882 1832.65614952535 18401.9075292145
453885.579665 -442933.512667938 50054.3960513799
-442933.512667938 548335.596925551 -122509.783708016
50054.3960513799 -122509.783708016 67815.9354153792
199713.915063 -19657.9070062431 -135774.530241463
-19657.9070062431 14144.4676719536 -2156.50031284584
-135774.530241463 -2156.50031284584 147599.697703366
61366.876591 -12527.9226907143 -3590.68378409644
-12527.9226907143 18990.41479286 -7908.36721745788
-3590.68378409644 -7908.36721745788 14869.5612559297
46793.835043 -19363.3646110605 -29469.2900885406
-19363.3646110605 67794.5828999747 -28297.1261840722
-29469.2900885406 -28297.1261840722 67139.8888360002
234938.880033 -129723.65701122 -97348.9209568464
-129723.65701122 112600.718272459 49169.5505857028
-97348.9209568464 49169.5505857028 58003.2407319601
62149.594982 -19489.4823194886 -52201.8750102937
-19489.4823194886 120310.804943787 -125351.060493776
-52201.8750102937 -125351.060493776 252896.037797127
50218.460957 23658.5887709772 -65498.4404032489
23658.5887709772 193493.27923326 -201964.519934175
-65498.4404032489 -201964.519934175 277259.229108262
77577.274643 -67532.3603391017 -16510.2617262657
-67532.3603391017 118833.135836117 -19838.9011977174
-16510.2617262657 -19838.9011977174 40245.42238031
35062.66857 -25175.3466354835 -17867.8764752257
-25175.3466354835 103012.102533201 -55135.3397495454
-17867.8764752257 -55135.3397495454 92382.0643088788
31340.676963 -22064.4034818667 11514.5762238844
-22064.4034818667 78714.1895331745 -59983.6788111501
11514.5762238844 -59983.6788111501 69434.3578386159
30153.046329 -2923.83178753697 -32862.8714218608
-2923.83178753697 22741.4854282066 -17101.3647191049
-32862.8714218608 -17101.3647191049 79949.1018467387
34208.06464 -9789.58244797297 -21549.8225910812
-9789.58244797297 126888.100925586 -90888.3625685724
-21549.8225910812 -90888.3625685724 112761.995310857
40663.033477 -21990.9323157336 7026.39267460906
-21990.9323157336 37517.1507367437 -17124.6990035683
7026.39267460906 -17124.6990035683 19046.3080058099
32537.139331 -11530.5653701795 -27218.7558758135
-11530.5653701795 20058.9893464019 6295.33426516795
-27218.7558758135 6295.33426516795 56398.8607923104
29509.355298 -3217.16154044293 -12686.4837478953
-3217.16154044293 101907.599601451 -90463.6483849356
-12686.4837478953 -90463.6483849356 113742.590370178
54759.885591 -39581.7519163894 -14220.1803874141
-39581.7519163894 74121.330590168 -35908.7771106375
-14220.1803874141 -35908.7771106375 72649.3629598938
30793.717541 -21444.7726065686 -100.31028074572
-21444.7726065686 80855.3495328769 -52869.3396480991
-100.31028074572 -52869.3396480991 75450.8078883619
94695.555033 -43085.7757678254 -2076.00035708101
-43085.7757678254 40135.1903379852 -14026.9058270252
-2076.00035708101 -14026.9058270252 25716.3168638011
61738.803122 13748.1882264049 -85314.0916763019
13748.1882264049 91590.0241682451 -114203.62129792
-85314.0916763019 -114203.62129792 238375.33236055
37817.567437 10206.8343685901 -31688.9313470976
10206.8343685901 19845.5313312827 -16784.2632178582
-31688.9313470976 -16784.2632178582 49254.5137621848
54122.706534 12259.7062899213 -55011.3047564176
12259.7062899213 24810.4846255361 -19972.3169804233
-55011.3047564176 -19972.3169804233 80425.4533267559
129759.522682 -60344.7240264673 -35957.51465976
-60344.7240264673 69181.8690465146 23282.9784134341
-35957.51465976 23282.9784134341 21686.4500466976
25425.316675 1192.108329236 -17808.3415556961
1192.108329236 74650.0267532275 -83564.9596902834
-17808.3415556961 -83564.9596902834 126609.996820743
89867.655537 -27580.1005615236 -32142.7224672492
-27580.1005615236 61743.6910753133 -18873.8724889995
-32142.7224672492 -18873.8724889995 48917.5732518693
40838.881136 -18451.6767604776 -3197.52810093684
-18451.6767604776 135219.484148999 -89836.9654165514
-3197.52810093684 -89836.9654165514 86535.5087277987
50772.113085 -28129.6321621896 -12431.2299442685
-28129.6321621896 46864.9092395192 -4995.45236831716
-12431.2299442685 -4995.45236831716 17823.3776627442
78072.58467 22812.3955874723 -62274.0608676671
22812.3955874723 48085.8099498641 -42089.0500769761
-62274.0608676671 -42089.0500769761 71790.9922408448
550393.650399 -259153.80226107 -210067.543531532
-259153.80226107 267648.120140727 19018.4451409536
-210067.543531532 19018.4451409536 149596.376745296
49317.856815 -25387.2244375371 -14426.98401693
-25387.2244375371 84884.8188308173 -38625.0350200764
-14426.98401693 -38625.0350200764 47900.7477239898
32923.592492 -34647.1728926412 -2987.42908354345
-34647.1728926412 73402.5701980369 -24133.859341933
-2987.42908354345 -24133.859341933 37245.1914601811
38298.590752 -15731.7763965237 -4755.81432095196
-15731.7763965237 27838.1013661977 -10904.8106547961
-4755.81432095196 -10904.8106547961 18995.604859175
57165.364854 -55977.4525952079 -4677.69444295287
-55977.4525952079 142820.504824722 -32330.7903134721
-4677.69444295287 -32330.7903134721 28423.8339098949
80600.555198 -55401.1440875515 -5581.26008948573
-55401.1440875515 76189.227205307 -23667.0320436492
-5581.26008948573 -23667.0320436492 33145.6705200649
117424.135059 -157353.360771603 28733.1563048276
-157353.360771603 287602.976827879 -105238.75094202
28733.1563048276 -105238.75094202 81883.1129654085
72616.725201 -14079.9954334261 -38548.4308453876
-14079.9954334261 37225.5320458234 -22127.2512581973
-38548.4308453876 -22127.2512581973 74665.7274523769
68491.62187 -22460.563643371 -31737.0741262685
-22460.563643371 25376.5778514308 -2005.96925379589
-31737.0741262685 -2005.96925379589 51039.8913301074
29150.874683 -21931.6230575425 -4865.87927510972
-21931.6230575425 47048.9787580962 -15163.8134753147
-4865.87927510972 -15163.8134753147 31122.7661007446
72196.822648 611.54075929797 -42432.319772232
611.54075929797 29511.2290078819 -27979.9315862813
-42432.319772232 -27979.9315862813 71580.7090321036
19319.351411 -2208.77733968405 -2493.6451607459
-2208.77733968405 64392.1584930403 -3091.59997381906
-2493.6451607459 -3091.59997381906 11927.7762819532
164076.885462 -82731.9658551723 -101784.522877197
-82731.9658551723 133521.913452569 -18758.2522028374
-101784.522877197 -18758.2522028374 147685.259169686
131796.815903 26925.7141356874 -156719.187751777
26925.7141356874 51666.5925624617 -73148.9120269416
-156719.187751777 -73148.9120269416 248500.570632875
26415.936879 293.743964159154 -18426.4433881624
293.743964159154 27491.0521488349 -20681.7498453974
-18426.4433881624 -20681.7498453974 46298.2165394821
39540.752689 -332.021124503038 -33251.3080920819
-332.021124503038 18147.4505415227 -7527.01917028529
-33251.3080920819 -7527.01917028529 48419.4269345937
869203.06552 -137489.488640074 -554429.319137533
-137489.488640074 355465.167471021 -222249.0175864
-554429.319137533 -222249.0175864 659122.909838167
28095.137867 -10139.3548841734 -21896.3443999414
-10139.3548841734 31332.8902289914 -14015.2237124845
-21896.3443999414 -14015.2237124845 68421.3533443684
25876.293706 -16515.8959744832 -18853.2116674806
-16515.8959744832 30059.6522307761 -7178.018097502
-18853.2116674806 -7178.018097502 79203.7957812453
70881.181766 -58834.3822122476 9831.45227228373
-58834.3822122476 124673.443505793 -69581.8262572315
9831.45227228373 -69581.8262572315 65453.6064311268
65931.700319 -10137.7989232031 -37814.6877333766
-10137.7989232031 18944.8774226418 -4948.59627366695
-37814.6877333766 -4948.59627366695 44389.3198944801
48588.002367 -17737.7453113276 -30572.2528635791
-17737.7453113276 40547.8051878903 -16803.508785087
-30572.2528635791 -16803.508785087 64070.6068170496
48663.820667 -3753.68157946093 -33490.0202164974
-3753.68157946093 89629.8372493767 -39641.1714026343
-33490.0202164974 -39641.1714026343 54548.5994223162
27865.117835 -5405.80409565017 -17774.1775161034
-5405.80409565017 17338.2721647628 -7881.10828793387
-17774.1775161034 -7881.10828793387 35623.576983702
36772.635933 -2737.70697808454 -39799.1121285281
-2737.70697808454 40936.6972130538 -40109.8044594729
-39799.1121285281 -40109.8044594729 170494.860206773
39557.793048 -32183.3680868828 -14751.4018884351
-32183.3680868828 71475.0174718512 -25977.1969911212
-14751.4018884351 -25977.1969911212 77476.6056590217
37298.732104 -46123.2499010047 18068.2049484386
-46123.2499010047 121100.1636562 -66333.1855164732
18068.2049484386 -66333.1855164732 62088.4700601375
43455.613435 -23683.7499562208 -4154.4193191549
-23683.7499562208 43748.3862598741 -4467.33496832868
-4154.4193191549 -4467.33496832868 31748.2362351375
411584.719419 -119159.166786131 -259129.018407664
-119159.166786131 126907.157437354 -11558.7700753005
-259129.018407664 -11558.7700753005 256358.802850625
82721.858864 -29524.372163233 9144.78524790577
-29524.372163233 133713.057892861 -143176.443032854
9144.78524790577 -143176.443032854 197760.329972488
74206.729721 -51218.3375259613 1381.98453971579
-51218.3375259613 59341.4772112222 -20285.3326750139
1381.98453971579 -20285.3326750139 29333.6441726608
817011.427382 -110077.416751763 -563311.637899035
-110077.416751763 138513.932466155 -16573.2671111094
-563311.637899035 -16573.2671111094 477809.05736104
88757.916697 -62863.1069373552 -33326.0610009521
-62863.1069373552 90492.209922873 929.402483556812
-33326.0610009521 929.402483556812 43038.3579402701
63268.486262 -50778.9833372401 -2983.94674779324
-50778.9833372401 91956.4856544339 -60691.0340658954
-2983.94674779324 -60691.0340658954 99391.3864929267
49623.433969 -35080.9320062952 -11216.5491675541
-35080.9320062952 132380.011710118 -74164.1991793228
-11216.5491675541 -74164.1991793228 98737.270477674
93911.334306 2897.63963920866 -67273.0912159684
2897.63963920866 41415.6456880201 -58035.3585706925
-67273.0912159684 -58035.3585706925 149667.303923266
220758.364691 -321826.455887347 81718.9085422703
-321826.455887347 615974.398513103 -211715.070998726
81718.9085422703 -211715.070998726 95918.3646341036
127285.883673 -23108.0163311261 -73714.5187233623
-23108.0163311261 43628.3936136493 -1411.10069778039
-73714.5187233623 -1411.10069778039 105902.986611089
26685.772888 -19587.9908890403 4288.41977562073
-19587.9908890403 33905.4813365328 -11452.5371907276
4288.41977562073 -11452.5371907276 16472.8444123406
44358.471105 7986.38480077181 -39346.6618748387
7986.38480077181 41800.7598105992 -39603.213559691
-39346.6618748387 -39603.213559691 76624.0729852022
40057.889105 -30949.8651251403 -11637.4645612447
-30949.8651251403 66935.763663857 913.635283636375
-11637.4645612447 913.635283636375 21363.6543122422
42229.745796 -27787.0901715325 -24458.9343991011
-27787.0901715325 60727.7580056737 -10934.1047591798
-24458.9343991011 -10934.1047591798 58369.0776660095
21228.370791 -17822.6130514513 10677.2947082108
-17822.6130514513 73027.8741390263 -34923.615160571
10677.2947082108 -34923.615160571 27968.1446917209
58989.482714 -17125.668671263 -20355.3824846318
-17125.668671263 22707.1560503445 -9555.38835028265
-20355.3824846318 -9555.38835028265 36467.6883348063
48088.259605 -13938.5669806412 -33651.5003141774
-13938.5669806412 41126.3376853974 -25320.0922301811
-33651.5003141774 -25320.0922301811 95855.5062797223
53310.573451 6458.36279235692 -45889.9923140334
6458.36279235692 47004.9494394181 -53367.1625999404
-45889.9923140334 -53367.1625999404 112775.700130096
237363.990889 -66494.0568196929 -98746.3362549004
-66494.0568196929 97564.6205326684 -12299.4639377872
-98746.3362549004 -12299.4639377872 110041.956045392
373096.328469 14925.7570643575 -444451.320563022
14925.7570643575 33228.7801119044 -58705.778666179
-444451.320563022 -58705.778666179 603214.265875187
53077.414397 -10442.9266348387 -50032.4660451414
-10442.9266348387 30466.3815926761 -24363.1616785143
-50032.4660451414 -24363.1616785143 104192.60997066
36108.244237 -13084.7914621925 -11545.2218315734
-13084.7914621925 22410.7843900389 -6371.58842371009
-11545.2218315734 -6371.58842371009 19878.0832416473
143341.031135 -68918.4946426439 -68557.3650600684
-68918.4946426439 79476.3127585411 -13587.3032252452
-68557.3650600684 -13587.3032252452 105754.053794798
200372.155785 -23511.0154276979 -171347.816446734
-23511.0154276979 51815.0927238127 -25581.2555437341
-171347.816446734 -25581.2555437341 224928.639678357
299858.647143 -69265.1241303547 -212202.325557806
-69265.1241303547 46297.2605573095 27625.6021003013
-212202.325557806 27625.6021003013 188874.309518699
48797.857715 -5944.1282722286 -35313.0215524383
-5944.1282722286 21687.383897248 -13506.8359214052
-35313.0215524383 -13506.8359214052 64926.9108085358
86630.818343 32565.9786175355 -82672.8431449404
32565.9786175355 43492.4503210486 -55723.1811933481
-82672.8431449404 -55723.1811933481 118063.55060966
45342.59224 -45628.0037581594 -17256.8842529263
-45628.0037581594 180430.313337189 -86641.5746039338
-17256.8842529263 -86641.5746039338 110341.56336597
24128.759716 -2399.1262930489 -18795.6969405469
-2399.1262930489 32154.088372007 -29553.9458486799
-18795.6969405469 -29553.9458486799 68638.008724945
119569.819495 -84838.2480080004 -38034.4749556077
-84838.2480080004 117795.15821516 13236.4612608391
-38034.4749556077 13236.4612608391 49127.4397534376
171449.270413 -118802.377370531 -102567.990209828
-118802.377370531 122393.439993561 61535.5263159701
-102567.990209828 61535.5263159701 98820.9924584624
23875.226415 -1555.75048573163 -13854.456091992
-1555.75048573163 13812.9660356731 -7341.87959723773
-13854.456091992 -7341.87959723773 19710.5361221082
80245.71467 -41115.6878075662 -28068.8612111228
-41115.6878075662 47826.372262478 -6478.21171123303
-28068.8612111228 -6478.21171123303 39890.7172403457
58082.988271 -37013.3117667969 -26202.1601254985
-37013.3117667969 50622.6948216358 -5648.47512333194
-26202.1601254985 -5648.47512333194 70705.3172859481
59596.795247 -15799.3694667693 -50745.7846984723
-15799.3694667693 64634.9003407639 -55064.9296212884
-50745.7846984723 -55064.9296212884 146723.571994026
49571.863956 -38304.2314614281 -17849.03864403
-38304.2314614281 46270.102017797 17044.9399532502
-17849.03864403 17044.9399532502 39688.2437596377
61997.612719 -53554.9814354343 3637.39775546909
-53554.9814354343 84450.5908203153 -28759.7193743561
3637.39775546909 -28759.7193743561 27915.2825280289
31962.87453 8751.78412964053 -39367.2373887899
8751.78412964053 42328.9221115582 -35530.4946897153
-39367.2373887899 -35530.4946897153 73259.9716789947
38410.105346 -2896.84602828328 -30739.5402669735
-2896.84602828328 11723.8964233418 -4303.97925441096
-30739.5402669735 -4303.97925441096 48543.760272728
46469.26038 26605.7303845086 -62763.40050995
26605.7303845086 45224.77743721 -57898.6924890695
-62763.40050995 -57898.6924890695 118125.3335106
106440.928689 -28979.3393803781 -61512.7093466064
-28979.3393803781 24525.8792514728 -2313.71758557829
-61512.7093466064 -2313.71758557829 91284.9576951763
27516.165144 -30120.4469432699 -15527.6646076636
-30120.4469432699 87810.3801839513 -19377.9783341526
-15527.6646076636 -19377.9783341526 51471.249736574
40194.221881 -10486.7040058809 -15328.0846593461
-10486.7040058809 97378.7019267229 -98173.4368644435
-15328.0846593461 -98173.4368644435 141535.427097753
39763.968948 -75599.7203695533 33368.0444730439
-75599.7203695533 284035.441637955 -171291.213380811
33368.0444730439 -171291.213380811 128408.157844355
216681.575826 -144307.423643284 -65984.2486510166
-144307.423643284 166257.873992585 -11944.602809134
-65984.2486510166 -11944.602809134 74741.9985470167
22346.798504 -11033.1298112747 -9194.52025844372
-11033.1298112747 87236.9709977813 -38128.0924078404
-9194.52025844372 -38128.0924078404 42466.8167159304
46430.200272 -34236.5911424277 12024.1101900708
-34236.5911424277 70852.9200605994 -44115.5704888997
12024.1101900708 -44115.5704888997 53964.8468693931
134793.555414 -141464.094861692 787.94632991001
-141464.094861692 190015.851945913 -16472.6894055802
787.94632991001 -16472.6894055802 42853.3130688036
21049.225395 -17973.6475869449 -12686.3003070353
-17973.6475869449 108025.134772234 -92567.6928558647
-12686.3003070353 -92567.6928558647 146064.471451453
29566.745122 2473.19837493795 -16929.8201902786
2473.19837493795 173311.737482867 -120206.058669746
-16929.8201902786 -120206.058669746 106009.641569448
57493.337144 -10034.5399275641 -44327.1093260084
-10034.5399275641 31341.7643610576 -33501.3239344649
-44327.1093260084 -33501.3239344649 110497.021621916
128399.288501 17892.3941414769 -68265.7334293117
17892.3941414769 41990.4152209773 -29187.8001661071
-68265.7334293117 -29187.8001661071 62240.1904437237
27130.337323 -9885.00870248052 -2036.9091291544
-9885.00870248052 46674.7573313131 -24694.3000310077
-2036.9091291544 -24694.3000310077 39309.1450001003
87560.530832 -52720.0240483919 -38573.2399248909
-52720.0240483919 57232.851972882 13412.8940620702
-38573.2399248909 13412.8940620702 32917.9306264243
171361.125635 -18738.8284542809 -140643.69817142
-18738.8284542809 52637.828298093 -30802.9912632297
-140643.69817142 -30802.9912632297 181358.866336793
392513.74991 -84372.6321177886 -333252.294173281
-84372.6321177886 47167.3517033304 55940.6803549941
-333252.294173281 55940.6803549941 341543.212397913
76658.68936 -27819.4562973375 -51629.9466849376
-27819.4562973375 58387.6249316557 -30440.0842130236
-51629.9466849376 -30440.0842130236 101917.716670661
175803.485387 26977.7774708556 -166650.005726957
26977.7774708556 35376.2063887479 -66944.034285599
-166650.005726957 -66944.034285599 235293.151095322
19306.173919 -10232.4263798905 -3267.81847345035
-10232.4263798905 72794.751337599 -44462.6293333139
-3267.81847345035 -44462.6293333139 42066.2854890005
216496.968871 -141996.374334734 -15157.7050671431
-141996.374334734 264553.018476064 -130060.906482932
-15157.7050671431 -130060.906482932 133653.986465891
59064.542196 -45039.5250403106 -8689.19389098453
-45039.5250403106 107869.376362024 -38485.4995641155
-8689.19389098453 -38485.4995641155 35339.6390935115
54387.613581 -21510.3248125907 -37527.264787554
-21510.3248125907 84464.8332491875 -42589.0317670571
-37527.264787554 -42589.0317670571 85736.6891319764
38573.27443 -15368.8691713823 -35530.3925526772
-15368.8691713823 35811.9391952142 -21163.8488210997
-35530.3925526772 -21163.8488210997 120751.640063082
102286.872927 -24909.2213049721 -66462.8728949042
-24909.2213049721 64547.7009549226 -26509.9100573112
-66462.8728949042 -26509.9100573112 91257.5548006631
116272.727122 -75426.4609867409 -60061.6628393654
-75426.4609867409 67301.8193632019 32730.4150026579
-60061.6628393654 32730.4150026579 52713.2079117812
16881.063953 -9700.40303667015 -5332.84653959175
-9700.40303667015 62147.2695730352 -40011.4201121872
-5332.84653959175 -40011.4201121872 47579.4035771398
16494.366949 -5920.971602719 -3405.38042673073
-5920.971602719 34750.2677094055 -10706.1079555225
-3405.38042673073 -10706.1079555225 16893.3590176415
35302.795351 -37642.4518923426 15759.4039171487
-37642.4518923426 67912.3972557579 -46391.9252388054
15759.4039171487 -46391.9252388054 70289.7123594835
34017.337403 -18166.8846219131 -13590.1450953119
-18166.8846219131 32936.4076063137 -9996.67481649905
-13590.1450953119 -9996.67481649905 32759.0340693523
48859.451824 -2437.14520038541 -22393.36668329
-2437.14520038541 16178.7802088063 -9883.41180366974
-22393.36668329 -9883.41180366974 29481.8864665914
32799.443367 6886.50027940138 -34589.3624075981
6886.50027940138 60423.8775675348 -62159.5051552483
-34589.3624075981 -62159.5051552483 109361.104782954
38383.336302 -17724.2139412059 4045.67945977158
-17724.2139412059 19744.2713734813 -11600.491526078
4045.67945977158 -11600.491526078 18782.3728143789
52771.77619 -22985.1919203828 -40459.52115153
-22985.1919203828 58718.519785444 -16913.3192002377
-40459.52115153 -16913.3192002377 88135.3748510396
16001.947361 -12533.2541860169 1402.67271258423
-12533.2541860169 27203.318968573 -12780.7736544309
1402.67271258423 -12780.7736544309 16950.9024713814
44766.571276 -72141.7699356397 10655.1905896844
-72141.7699356397 185685.928072672 -66256.1921434962
10655.1905896844 -66256.1921434962 48385.7270071781
70271.49693 -47027.2934012664 -20605.0107498443
-47027.2934012664 53602.3590115569 7934.59774385495
-20605.0107498443 7934.59774385495 35187.8206051804
3898508.148193 -253624.27134883 -3510471.11158598
-253624.27134883 55024.2870444996 203834.612095013
-3510471.11158598 203834.612095013 3230080.91841751
93269.817734 -66292.2039443208 -38684.6236430144
-66292.2039443208 152019.014131613 -23320.3067227318
-38684.6236430144 -23320.3067227318 69506.0491565961
110461.857215 -65658.9386041623 -8373.58168441611
-65658.9386041623 88951.3644359599 -26343.2626479859
-8373.58168441611 -26343.2626479859 33085.5061450348
21393.181134 -13428.9953387847 -12589.3959352613
-13428.9953387847 25822.5210929934 2217.80390601615
-12589.3959352613 2217.80390601615 33225.6714034436
113257.580237 -43135.830017055 -48191.9479384085
-43135.830017055 60368.1788223553 -27367.1261713467
-48191.9479384085 -27367.1261713467 89251.4397238779
35868.56843 18757.7814046894 -28362.3386317196
18757.7814046894 97224.1662886232 -87828.6073884841
-28362.3386317196 -87828.6073884841 99190.7624601251
150338.99486 -15800.8226500149 -106595.378044321
-15800.8226500149 24228.4375309713 -11682.0725544637
-106595.378044321 -11682.0725544637 131180.731156855
185989.51975 -135821.460310891 -11194.9219082689
-135821.460310891 231349.227542447 -48258.790404622
-11194.9219082689 -48258.790404622 38302.9922189521
8300.377462 -2542.90825961161 -8086.07604697287
-2542.90825961161 22108.3863862379 -14785.8188699213
-8086.07604697287 -14785.8188699213 43439.2269165622
16460.096031 -4505.29695606258 -6278.76183797117
-4505.29695606258 65152.2697488455 -29128.0187379288
-6278.76183797117 -29128.0187379288 37207.9158861341
50289.819141 -11773.0438609081 -55291.4352532237
-11773.0438609081 20926.2761117727 -8449.50922596252
-55291.4352532237 -8449.50922596252 103672.159211196
95679.470139 -55843.6565883188 -19682.4758685113
-55843.6565883188 82366.9550699694 -72643.1283096165
-19682.4758685113 -72643.1283096165 176753.77623701
76240.065237 -46914.0316252282 -14735.6820093977
-46914.0316252282 77560.3134215719 -32812.0758298977
-14735.6820093977 -32812.0758298977 49847.1999577161
140575.526993 -14193.061953158 -133160.685874381
-14193.061953158 61750.365086277 -28999.7836030997
-133160.685874381 -28999.7836030997 170356.251343433
30719.281357 -39424.2920922917 6858.18958277781
-39424.2920922917 214428.428461607 -164097.892209606
6858.18958277781 -164097.892209606 164035.392246707
62681.287021 -2578.19614370551 -36747.9970720766
-2578.19614370551 230079.807576536 -139479.12844557
-36747.9970720766 -139479.12844557 120296.623124255
42396.488921 -46524.8378340527 -5238.64844472109
-46524.8378340527 146979.809307476 -70985.9688378897
-5238.64844472109 -70985.9688378897 83036.6493256374
21249.006768 -23037.4831548984 -612.853372158784
-23037.4831548984 93368.1259219998 -40736.0532146418
-612.853372158784 -40736.0532146418 41446.4872595065
43044.280947 -15499.5227851681 -42261.8819338368
-15499.5227851681 84329.523094475 -70862.6540308365
-42261.8819338368 -70862.6540308365 151870.704099688
126578.866648 -150194.677325323 12032.4375400469
-150194.677325323 234296.186138152 -61648.8230560237
12032.4375400469 -61648.8230560237 59273.4624097999
49335.744994 -44473.0105648765 2233.60745365315
-44473.0105648765 66587.1149372434 -28954.2007200268
2233.60745365315 -28954.2007200268 48530.1871061072
39786.953716 -40886.0232970264 -315.478840255292
-40886.0232970264 93081.0726588765 -21956.7880631941
-315.478840255292 -21956.7880631941 33702.4462427032
155757.775972 -105415.340588493 -7845.88162372707
-105415.340588493 114005.490205629 -25997.4156428988
-7845.88162372707 -25997.4156428988 43345.5395569049
54584.339256 -10269.6260453718 -34138.5885335161
-10269.6260453718 30501.5099836999 -9508.85403578846
-34138.5885335161 -9508.85403578846 42255.4002123469
69453.893282 -26867.8482444577 -22133.834319296
-26867.8482444577 33053.0034875891 -13643.738257862
-22133.834319296 -13643.738257862 40152.7187092685
18280.903659 -9091.91304745823 2508.44149358867
-9091.91304745823 67231.658645404 -65185.5283126101
2508.44149358867 -65185.5283126101 86108.2439344183
35087.849315 -12705.3293775964 -17906.8331443152
-12705.3293775964 63544.2836043634 -35225.2709922319
-17906.8331443152 -35225.2709922319 51530.8181117346
54292.65422 -9829.19401480126 -29052.7653620727
-9829.19401480126 29340.0646199316 -6504.2825262819
-29052.7653620727 -6504.2825262819 32859.4359836703
142918.966903 -190.360657922552 -149512.737386481
-190.360657922552 37896.1086931777 -33231.8800563306
-149512.737386481 -33231.8800563306 206110.909205402
30930.92812 -7722.17547102767 -31449.1023925771
-7722.17547102767 93996.8821966678 -99435.1165915575
-31449.1023925771 -99435.1165915575 203209.683433747
85840.388851 -9741.42629716539 -53613.9092605105
-9741.42629716539 47512.9638214495 -15565.5035115324
-53613.9092605105 -15565.5035115324 67084.1317102264
61575.174687 -127077.43535874 71265.7153365726
-127077.43535874 480087.034566586 -357207.169887681
71265.7153365726 -357207.169887681 311089.439976125
34178.504408 -27273.4669829282 -11893.0180105577
-27273.4669829282 70513.2886712114 -9299.73039516116
-11893.0180105577 -9299.73039516116 20241.4964589452
33381.78214 -3648.12447071933 -8284.59626430184
-3648.12447071933 49866.1496970719 -23074.7365990432
-8284.59626430184 -23074.7365990432 31415.294899356
50342.513039 4094.26644095339 -40335.2351142151
4094.26644095339 58558.547266708 -18963.9373011291
-40335.2351142151 -18963.9373011291 47864.0734168986
47648.624217 3498.87166184311 -61732.1397806287
3498.87166184311 233079.404419028 -255400.934643071
-61732.1397806287 -255400.934643071 364346.235068059
106738.935991 -31645.2336451744 -84614.6484870487
-31645.2336451744 78755.3510402291 -41744.0297665821
-84614.6484870487 -41744.0297665821 159698.01141361
145473.874962 -36427.0011129213 -79906.3850030058
-36427.0011129213 22523.7889778244 10956.2856436216
-79906.3850030058 10956.2856436216 57714.0727242562
54886.75717 -25704.6928103819 -11158.1304798824
-25704.6928103819 45880.9262447884 -17028.5788955969
-11158.1304798824 -17028.5788955969 27536.760458864
54566.099564 -18891.278279044 -50115.222225095
-18891.278279044 212269.959413426 -179531.858871525
-50115.222225095 -179531.858871525 270432.998650337
126993.815576 -23916.3671574674 -116569.1685387
-23916.3671574674 33914.0158563908 3939.94852711127
-116569.1685387 3939.94852711127 161200.579440552
48788.681984 -11408.8195891948 -30239.3071648923
-11408.8195891948 28177.9430338076 -4992.96831038729
-30239.3071648923 -4992.96831038729 63586.436095573
28936.184892 -4846.91685832858 -14667.8918978684
-4846.91685832858 71798.2050392182 -43495.1654254477
-14667.8918978684 -43495.1654254477 60114.1913512552
69671.667442 -38664.4248333167 -11534.2911512972
-38664.4248333167 41325.8064033977 3051.97687951942
-11534.2911512972 3051.97687951942 14201.5084638429
366396.483982 -108714.53821731 -182393.924572806
-108714.53821731 111079.847484668 -5748.24274818569
-182393.924572806 -5748.24274818569 201319.735806713
78758.840513 18514.8113383558 -29091.9673409607
18514.8113383558 33475.7530608507 -26642.4854902383
-29091.9673409607 -26642.4854902383 36515.5909050098
58595.350923 -29949.2654567811 -16961.6951337475
-29949.2654567811 45067.8881382292 -9305.81137478452
-16961.6951337475 -9305.81137478452 22246.5382005658
622806.779322 -238895.718130158 -316838.670574642
-238895.718130158 139831.102500281 78563.1395872843
-316838.670574642 78563.1395872843 212315.277904966
37680.208551 -13296.0479333973 -15293.2304711932
-13296.0479333973 115153.914688314 -103163.290578411
-15293.2304711932 -103163.290578411 147623.239296112
19879.888625 -11123.9197671571 -9568.3904508687
-11123.9197671571 43216.9982916215 -21545.9284156116
-9568.3904508687 -21545.9284156116 40889.183276995
25463.000246 -7099.85727340657 -10733.6956674621
-7099.85727340657 78376.4404230389 -50139.6425303607
-10733.6956674621 -50139.6425303607 71367.9605598483
51384.589576 -42957.2955688853 6523.89672749961
-42957.2955688853 70853.8790810403 -23593.3655351331
6523.89672749961 -23593.3655351331 22231.8661845576
44135.882025 -33785.8428929436 -3145.73047922449
-33785.8428929436 112584.019372843 -44033.1801600871
-3145.73047922449 -44033.1801600871 43658.7975488246
70316.772724 -19365.4132611651 -53510.1242245963
-19365.4132611651 19469.0890163011 -3747.28146017896
-53510.1242245963 -3747.28146017896 104473.470012329
49770.139127 -12379.7439116554 -19476.7150259506
-12379.7439116554 21440.4650486768 -17711.1624285253
-19476.7150259506 -17711.1624285253 59016.3147717029
126282.287613 -1035.3301353005 -132030.402310853
-1035.3301353005 57713.1389159464 -31179.039452191
-132030.402310853 -31179.039452191 202772.812955546
32348.098542 -15166.6995424294 -16878.3355451598
-15166.6995424294 56746.0363810163 1954.25968313732
-16878.3355451598 1954.25968313732 45954.6889912108
50454.64725 6522.35988594393 -39646.9707853835
6522.35988594393 36757.1784824382 -31420.066551104
-39646.9707853835 -31420.066551104 108294.888659303
66592.312604 -36667.2468436134 -12083.1106319127
-36667.2468436134 116776.438473345 -41567.4148456087
-12083.1106319127 -41567.4148456087 38977.7428056519
58175.763875 526.011900856295 -30440.2962516142
526.011900856295 20745.5379390807 -6968.67149363999
-30440.2962516142 -6968.67149363999 33802.6313538223
21034.284275 248.988215759007 -21633.9218512209
248.988215759007 86408.6582204079 -74136.5715961454
-21633.9218512209 -74136.5715961454 100342.064192223
39079.374336 -12455.3295747661 8292.51519817692
-12455.3295747661 77015.2654313966 -82726.9345948075
8292.51519817692 -82726.9345948075 130876.292084936
59389.267825 -25679.6503567819 -23245.59668525
-25679.6503567819 56809.3039798282 -22583.9752344146
